0.0360726 0.0360726 0.998698
-0.0360726 0.0360726 0.998698
-0.0360726 -0.0360726 0.998698
0.0360726 -0.0360726 0.998698
0.0941702 0.0390066 0.994792
0.0390066 0.0941702 0.994792
-0.0390066 0.0941702 0.994792
-0.0941702 0.0390066 0.994792
-0.0941702 -0.0390066 0.994792
-0.0390066 -0.0941702 0.994792
0.0390066 -0.0941702 0.994792
0.0941702 -0.0390066 0.994792
0.147443 0.0395072 0.988281
0.107936 0.107936 0.988281
0.0395072 0.147443 0.988281
-0.0395072 0.147443 0.988281
-0.107936 0.107936 0.988281
-0.147443 0.0395072 0.988281
-0.147443 -0.0395072 0.988281
-0.107936 -0.107936 0.988281
-0.0395072 -0.147443 0.988281
0.0395072 -0.147443 0.988281
0.107936 -0.107936 0.988281
0.147443 -0.0395072 0.988281
0.199157 0.0396147 0.979167
0.168837 0.112813 0.979167
0.112813 0.168837 0.979167
0.0396147 0.199157 0.979167
-0.0396147 0.199157 0.979167
-0.112813 0.168837 0.979167
-0.168837 0.112813 0.979167
-0.199157 0.0396147 0.979167
-0.199157 -0.0396147 0.979167
-0.168837 -0.112813 0.979167
-0.112813 -0.168837 0.979167
-0.0396147 -0.199157 0.979167
0.0396147 -0.199157 0.979167
0.112813 -0.168837 0.979167
0.168837 -0.112813 0.979167
0.199157 -0.0396147 0.979167
0.249954 0.0395889 0.967448
0.225487 0.114891 0.967448
0.178948 0.178948 0.967448
0.114891 0.225487 0.967448
0.0395889 0.249954 0.967448
-0.0395889 0.249954 0.967448
-0.114891 0.225487 0.967448
-0.178948 0.178948 0.967448
-0.225487 0.114891 0.967448
-0.249954 0.0395889 0.967448
-0.249954 -0.0395889 0.967448
-0.225487 -0.114891 0.967448
-0.178948 -0.178948 0.967448
-0.114891 -0.225487 0.967448
-0.0395889 -0.249954 0.967448
0.0395889 -0.249954 0.967448
0.114891 -0.225487 0.967448
0.178948 -0.178948 0.967448
0.225487 -0.114891 0.967448
0.249954 -0.0395889 0.967448
0.299988 0.0394942 0.953125
0.279545 0.115791 0.953125
0.24005 0.184197 0.953125
0.184197 0.24005 0.953125
0.115791 0.279545 0.953125
0.0394942 0.299988 0.953125
-0.0394942 0.299988 0.953125
-0.115791 0.279545 0.953125
-0.184197 0.24005 0.953125
-0.24005 0.184197 0.953125
-0.279545 0.115791 0.953125
-0.299988 0.0394942 0.953125
-0.299988 -0.0394942 0.953125
-0.279545 -0.115791 0.953125
-0.24005 -0.184197 0.953125
-0.184197 -0.24005 0.953125
-0.115791 -0.279545 0.953125
-0.0394942 -0.299988 0.953125
0.0394942 -0.299988 0.953125
0.115791 -0.279545 0.953125
0.184197 -0.24005 0.953125
0.24005 -0.184197 0.953125
0.279545 -0.115791 0.953125
0.299988 -0.0394942 0.953125
0.349263 0.0393525 0.936198
0.33175 0.116084 0.936198
0.297601 0.186995 0.936198
0.248529 0.248529 0.936198
0.186995 0.297601 0.936198
0.116084 0.33175 0.936198
0.0393525 0.349263 0.936198
-0.0393525 0.349263 0.936198
-0.116084 0.33175 0.936198
-0.186995 0.297601 0.936198
-0.248529 0.248529 0.936198
-0.297601 0.186995 0.936198
-0.33175 0.116084 0.936198
-0.349263 0.0393525 0.936198
-0.349263 -0.0393525 0.936198
-0.33175 -0.116084 0.936198
-0.297601 -0.186995 0.936198
-0.248529 -0.248529 0.936198
-0.186995 -0.297601 0.936198
-0.116084 -0.33175 0.936198
-0.0393525 -0.349263 0.936198
0.0393525 -0.349263 0.936198
0.116084 -0.33175 0.936198
0.186995 -0.297601 0.936198
0.248529 -0.248529 0.936198
0.297601 -0.186995 0.936198
0.33175 -0.116084 0.936198
0.349263 -0.0393525 0.936198
0.397728 0.0391728 0.916667
0.382444 0.116013 0.916667
0.352462 0.188395 0.916667
0.308936 0.253537 0.916667
0.253537 0.308936 0.916667
0.188395 0.352462 0.916667
0.116013 0.382444 0.916667
0.0391728 0.397728 0.916667
-0.0391728 0.397728 0.916667
-0.116013 0.382444 0.916667
-0.188395 0.352462 0.916667
-0.253537 0.308936 0.916667
-0.308936 0.253537 0.916667
-0.352462 0.188395 0.916667
-0.382444 0.116013 0.916667
-0.397728 0.0391728 0.916667
-0.397728 -0.0391728 0.916667
-0.382444 -0.116013 0.916667
-0.352462 -0.188395 0.916667
-0.308936 -0.253537 0.916667
-0.253537 -0.308936 0.916667
-0.188395 -0.352462 0.916667
-0.116013 -0.382444 0.916667
-0.0391728 -0.397728 0.916667
0.0391728 -0.397728 0.916667
0.116013 -0.382444 0.916667
0.188395 -0.352462 0.916667
0.253537 -0.308936 0.916667
0.308936 -0.253537 0.916667
0.352462 -0.188395 0.916667
0.382444 -0.116013 0.916667
0.397728 -0.0391728 0.916667
0.445304 0.0389591 0.894531
0.431774 0.115694 0.894531
0.405124 0.188913 0.894531
0.366165 0.256392 0.894531
0.316081 0.316081 0.894531
0.256392 0.366165 0.894531
0.188913 0.405124 0.894531
0.115694 0.431774 0.894531
0.0389591 0.445304 0.894531
-0.0389591 0.445304 0.894531
-0.115694 0.431774 0.894531
-0.188913 0.405124 0.894531
-0.256392 0.366165 0.894531
-0.316081 0.316081 0.894531
-0.366165 0.256392 0.894531
-0.405124 0.188913 0.894531
-0.431774 0.115694 0.894531
-0.445304 0.0389591 0.894531
-0.445304 -0.0389591 0.894531
-0.431774 -0.115694 0.894531
-0.405124 -0.188913 0.894531
-0.366165 -0.256392 0.894531
-0.316081 -0.316081 0.894531
-0.256392 -0.366165 0.894531
-0.188913 -0.405124 0.894531
-0.115694 -0.431774 0.894531
-0.0389591 -0.445304 0.894531
0.0389591 -0.445304 0.894531
0.115694 -0.431774 0.894531
0.188913 -0.405124 0.894531
0.256392 -0.366165 0.894531
0.316081 -0.316081 0.894531
0.366165 -0.256392 0.894531
0.405124 -0.188913 0.894531
0.431774 -0.115694 0.894531
0.445304 -0.0389591 0.894531
0.491898 0.0387132 0.869792
0.479786 0.115186 0.869792
0.45586 0.188823 0.869792
0.420709 0.257811 0.869792
0.375199 0.32045 0.869792
0.32045 0.375199 0.869792
0.257811 0.420709 0.869792
0.188823 0.45586 0.869792
0.115186 0.479786 0.869792
0.0387132 0.491898 0.869792
-0.0387132 0.491898 0.869792
-0.115186 0.479786 0.869792
-0.188823 0.45586 0.869792
-0.257811 0.420709 0.869792
-0.32045 0.375199 0.869792
-0.375199 0.32045 0.869792
-0.420709 0.257811 0.869792
-0.45586 0.188823 0.869792
-0.479786 0.115186 0.869792
-0.491898 0.0387132 0.869792
-0.491898 -0.0387132 0.869792
-0.479786 -0.115186 0.869792
-0.45586 -0.188823 0.869792
-0.420709 -0.257811 0.869792
-0.375199 -0.32045 0.869792
-0.32045 -0.375199 0.869792
-0.257811 -0.420709 0.869792
-0.188823 -0.45586 0.869792
-0.115186 -0.479786 0.869792
-0.0387132 -0.491898 0.869792
0.0387132 -0.491898 0.869792
0.115186 -0.479786 0.869792
0.188823 -0.45586 0.869792
0.257811 -0.420709 0.869792
0.32045 -0.375199 0.869792
0.375199 -0.32045 0.869792
0.420709 -0.257811 0.869792
0.45586 -0.188823 0.869792
0.479786 -0.115186 0.869792
0.491898 -0.0387132 0.869792
0.537405 0.038436 0.842448
0.526465 0.114525 0.842448
0.504808 0.188284 0.842448
0.472874 0.258209 0.842448
0.431314 0.322877 0.842448
0.380973 0.380973 0.842448
0.322877 0.431314 0.842448
0.258209 0.472874 0.842448
0.188284 0.504808 0.842448
0.114525 0.526465 0.842448
0.038436 0.537405 0.842448
-0.038436 0.537405 0.842448
-0.114525 0.526465 0.842448
-0.188284 0.504808 0.842448
-0.258209 0.472874 0.842448
-0.322877 0.431314 0.842448
-0.380973 0.380973 0.842448
-0.431314 0.322877 0.842448
-0.472874 0.258209 0.842448
-0.504808 0.188284 0.842448
-0.526465 0.114525 0.842448
-0.537405 0.038436 0.842448
-0.537405 -0.038436 0.842448
-0.526465 -0.114525 0.842448
-0.504808 -0.188284 0.842448
-0.472874 -0.258209 0.842448
-0.431314 -0.322877 0.842448
-0.380973 -0.380973 0.842448
-0.322877 -0.431314 0.842448
-0.258209 -0.472874 0.842448
-0.188284 -0.504808 0.842448
-0.114525 -0.526465 0.842448
-0.038436 -0.537405 0.842448
0.038436 -0.537405 0.842448
0.114525 -0.526465 0.842448
0.188284 -0.504808 0.842448
0.258209 -0.472874 0.842448
0.322877 -0.431314 0.842448
0.380973 -0.380973 0.842448
0.431314 -0.322877 0.842448
0.472874 -0.258209 0.842448
0.504808 -0.188284 0.842448
0.526465 -0.114525 0.842448
0.537405 -0.038436 0.842448
0.581713 0.0381275 0.8125
0.57176 0.11373 0.8125
0.552024 0.187387 0.8125
0.522842 0.257837 0.8125
0.484715 0.323876 0.8125
0.438293 0.384373 0.8125
0.384373 0.438293 0.8125
0.323876 0.484715 0.8125
0.257837 0.522842 0.8125
0.187387 0.552024 0.8125
0.11373 0.57176 0.8125
0.0381275 0.581713 0.8125
-0.0381275 0.581713 0.8125
-0.11373 0.57176 0.8125
-0.187387 0.552024 0.8125
-0.257837 0.522842 0.8125
-0.323876 0.484715 0.8125
-0.384373 0.438293 0.8125
-0.438293 0.384373 0.8125
-0.484715 0.323876 0.8125
-0.522842 0.257837 0.8125
-0.552024 0.187387 0.8125
-0.57176 0.11373 0.8125
-0.581713 0.0381275 0.8125
-0.581713 -0.0381275 0.8125
-0.57176 -0.11373 0.8125
-0.552024 -0.187387 0.8125
-0.522842 -0.257837 0.8125
-0.484715 -0.323876 0.8125
-0.438293 -0.384373 0.8125
-0.384373 -0.438293 0.8125
-0.323876 -0.484715 0.8125
-0.257837 -0.522842 0.8125
-0.187387 -0.552024 0.8125
-0.11373 -0.57176 0.8125
-0.0381275 -0.581713 0.8125
0.0381275 -0.581713 0.8125
0.11373 -0.57176 0.8125
0.187387 -0.552024 0.8125
0.257837 -0.522842 0.8125
0.323876 -0.484715 0.8125
0.384373 -0.438293 0.8125
0.438293 -0.384373 0.8125
0.484715 -0.323876 0.8125
0.522842 -0.257837 0.8125
0.552024 -0.187387 0.8125
0.57176 -0.11373 0.8125
0.581713 -0.0381275 0.8125
0.624703 0.0377875 0.779948
0.615593 0.112812 0.779948
0.597507 0.186191 0.779948
0.570707 0.256855 0.779948
0.535586 0.323773 0.779948
0.492654 0.38597 0.779948
0.442539 0.442539 0.779948
0.38597 0.492654 0.779948
0.323773 0.535586 0.779948
0.256855 0.570707 0.779948
0.186191 0.597507 0.779948
0.112812 0.615593 0.779948
0.0377875 0.624703 0.779948
-0.0377875 0.624703 0.779948
-0.112812 0.615593 0.779948
-0.186191 0.597507 0.779948
-0.256855 0.570707 0.779948
-0.323773 0.535586 0.779948
-0.38597 0.492654 0.779948
-0.442539 0.442539 0.779948
-0.492654 0.38597 0.779948
-0.535586 0.323773 0.779948
-0.570707 0.256855 0.779948
-0.597507 0.186191 0.779948
-0.615593 0.112812 0.779948
-0.624703 0.0377875 0.779948
-0.624703 -0.0377875 0.779948
-0.615593 -0.112812 0.779948
-0.597507 -0.186191 0.779948
-0.570707 -0.256855 0.779948
-0.535586 -0.323773 0.779948
-0.492654 -0.38597 0.779948
-0.442539 -0.442539 0.779948
-0.38597 -0.492654 0.779948
-0.323773 -0.535586 0.779948
-0.256855 -0.570707 0.779948
-0.186191 -0.597507 0.779948
-0.112812 -0.615593 0.779948
-0.0377875 -0.624703 0.779948
0.0377875 -0.624703 0.779948
0.112812 -0.615593 0.779948
0.186191 -0.597507 0.779948
0.256855 -0.570707 0.779948
0.323773 -0.535586 0.779948
0.38597 -0.492654 0.779948
0.442539 -0.442539 0.779948
0.492654 -0.38597 0.779948
0.535586 -0.323773 0.779948
0.570707 -0.256855 0.779948
0.597507 -0.186191 0.779948
0.615593 -0.112812 0.779948
0.624703 -0.0377875 0.779948
0.666247 0.0374156 0.744792
0.657869 0.111776 0.744792
0.641217 0.184732 0.744792
0.616502 0.255364 0.744792
0.584034 0.322784 0.744792
0.544221 0.386146 0.744792
0.497565 0.444651 0.744792
0.444651 0.497565 0.744792
0.386146 0.544221 0.744792
0.322784 0.584034 0.744792
0.255364 0.616502 0.744792
0.184732 0.641217 0.744792
0.111776 0.657869 0.744792
0.0374156 0.666247 0.744792
-0.0374156 0.666247 0.744792
-0.111776 0.657869 0.744792
-0.184732 0.641217 0.744792
-0.255364 0.616502 0.744792
-0.322784 0.584034 0.744792
-0.386146 0.544221 0.744792
-0.444651 0.497565 0.744792
-0.497565 0.444651 0.744792
-0.544221 0.386146 0.744792
-0.584034 0.322784 0.744792
-0.616502 0.255364 0.744792
-0.641217 0.184732 0.744792
-0.657869 0.111776 0.744792
-0.666247 0.0374156 0.744792
-0.666247 -0.0374156 0.744792
-0.657869 -0.111776 0.744792
-0.641217 -0.184732 0.744792
-0.616502 -0.255364 0.744792
-0.584034 -0.322784 0.744792
-0.544221 -0.386146 0.744792
-0.497565 -0.444651 0.744792
-0.444651 -0.497565 0.744792
-0.386146 -0.544221 0.744792
-0.322784 -0.584034 0.744792
-0.255364 -0.616502 0.744792
-0.184732 -0.641217 0.744792
-0.111776 -0.657869 0.744792
-0.0374156 -0.666247 0.744792
0.0374156 -0.666247 0.744792
0.111776 -0.657869 0.744792
0.184732 -0.641217 0.744792
0.255364 -0.616502 0.744792
0.322784 -0.584034 0.744792
0.386146 -0.544221 0.744792
0.444651 -0.497565 0.744792
0.497565 -0.444651 0.744792
0.544221 -0.386146 0.744792
0.584034 -0.322784 0.744792
0.616502 -0.255364 0.744792
0.641217 -0.184732 0.744792
0.657869 -0.111776 0.744792
0.666247 -0.0374156 0.744792
0.706213 0.0370111 0.707031
0.698476 0.110628 0.707031
0.683086 0.183032 0.707031
0.660212 0.253431 0.707031
0.630104 0.321054 0.707031
0.593093 0.385159 0.707031
0.549584 0.445044 0.707031
0.500053 0.500053 0.707031
0.445044 0.549584 0.707031
0.385159 0.593093 0.707031
0.321054 0.630104 0.707031
0.253431 0.660212 0.707031
0.183032 0.683086 0.707031
0.110628 0.698476 0.707031
0.0370111 0.706213 0.707031
-0.0370111 0.706213 0.707031
-0.110628 0.698476 0.707031
-0.183032 0.683086 0.707031
-0.253431 0.660212 0.707031
-0.321054 0.630104 0.707031
-0.385159 0.593093 0.707031
-0.445044 0.549584 0.707031
-0.500053 0.500053 0.707031
-0.549584 0.445044 0.707031
-0.593093 0.385159 0.707031
-0.630104 0.321054 0.707031
-0.660212 0.253431 0.707031
-0.683086 0.183032 0.707031
-0.698476 0.110628 0.707031
-0.706213 0.0370111 0.707031
-0.706213 -0.0370111 0.707031
-0.698476 -0.110628 0.707031
-0.683086 -0.183032 0.707031
-0.660212 -0.253431 0.707031
-0.630104 -0.321054 0.707031
-0.593093 -0.385159 0.707031
-0.549584 -0.445044 0.707031
-0.500053 -0.500053 0.707031
-0.445044 -0.549584 0.707031
-0.385159 -0.593093 0.707031
-0.321054 -0.630104 0.707031
-0.253431 -0.660212 0.707031
-0.183032 -0.683086 0.707031
-0.110628 -0.698476 0.707031
-0.0370111 -0.706213 0.707031
0.0370111 -0.706213 0.707031
0.110628 -0.698476 0.707031
0.183032 -0.683086 0.707031
0.253431 -0.660212 0.707031
0.321054 -0.630104 0.707031
0.385159 -0.593093 0.707031
0.445044 -0.549584 0.707031
0.500053 -0.500053 0.707031
0.549584 -0.445044 0.707031
0.593093 -0.385159 0.707031
0.630104 -0.321054 0.707031
0.660212 -0.253431 0.707031
0.683086 -0.183032 0.707031
0.698476 -0.110628 0.707031
0.706213 -0.0370111 0.707031
0.744458 0.0365729 0.666667
0.737289 0.109366 0.666667
0.723019 0.181107 0.666667
0.701786 0.251103 0.666667
0.673794 0.318681 0.666667
0.639313 0.38319 0.666667
0.598676 0.444008 0.666667
0.552272 0.50055 0.666667
0.50055 0.552272 0.666667
0.444008 0.598676 0.666667
0.38319 0.639313 0.666667
0.318681 0.673794 0.666667
0.251103 0.701786 0.666667
0.181107 0.723019 0.666667
0.109366 0.737289 0.666667
0.0365729 0.744458 0.666667
-0.0365729 0.744458 0.666667
-0.109366 0.737289 0.666667
-0.181107 0.723019 0.666667
-0.251103 0.701786 0.666667
-0.318681 0.673794 0.666667
-0.38319 0.639313 0.666667
-0.444008 0.598676 0.666667
-0.50055 0.552272 0.666667
-0.552272 0.50055 0.666667
-0.598676 0.444008 0.666667
-0.639313 0.38319 0.666667
-0.673794 0.318681 0.666667
-0.701786 0.251103 0.666667
-0.723019 0.181107 0.666667
-0.737289 0.109366 0.666667
-0.744458 0.0365729 0.666667
-0.744458 -0.0365729 0.666667
-0.737289 -0.109366 0.666667
-0.723019 -0.181107 0.666667
-0.701786 -0.251103 0.666667
-0.673794 -0.318681 0.666667
-0.639313 -0.38319 0.666667
-0.598676 -0.444008 0.666667
-0.552272 -0.50055 0.666667
-0.50055 -0.552272 0.666667
-0.444008 -0.598676 0.666667
-0.38319 -0.639313 0.666667
-0.318681 -0.673794 0.666667
-0.251103 -0.701786 0.666667
-0.181107 -0.723019 0.666667
-0.109366 -0.737289 0.666667
-0.0365729 -0.744458 0.666667
0.0365729 -0.744458 0.666667
0.109366 -0.737289 0.666667
0.181107 -0.723019 0.666667
0.251103 -0.701786 0.666667
0.318681 -0.673794 0.666667
0.38319 -0.639313 0.666667
0.444008 -0.598676 0.666667
0.50055 -0.552272 0.666667
0.552272 -0.50055 0.666667
0.598676 -0.444008 0.666667
0.639313 -0.38319 0.666667
0.673794 -0.318681 0.666667
0.701786 -0.251103 0.666667
0.723019 -0.181107 0.666667
0.737289 -0.109366 0.666667
0.744458 -0.0365729 0.666667
0.780625 0 0.625
0.776866 0.0765146 0.625
0.765625 0.152292 0.625
0.747011 0.226603 0.625
0.721203 0.298732 0.625
0.68845 0.367984 0.625
0.649066 0.433692 0.625
0.603431 0.495223 0.625
0.551985 0.551985 0.625
0.495223 0.603431 0.625
0.433692 0.649066 0.625
0.367984 0.68845 0.625
0.298732 0.721203 0.625
0.226603 0.747011 0.625
0.152292 0.765625 0.625
0.0765146 0.776866 0.625
4.77995e-17 0.780625 0.625
-0.0765146 0.776866 0.625
-0.152292 0.765625 0.625
-0.226603 0.747011 0.625
-0.298732 0.721203 0.625
-0.367984 0.68845 0.625
-0.433692 0.649066 0.625
-0.495223 0.603431 0.625
-0.551985 0.551985 0.625
-0.603431 0.495223 0.625
-0.649066 0.433692 0.625
-0.68845 0.367984 0.625
-0.721203 0.298732 0.625
-0.747011 0.226603 0.625
-0.765625 0.152292 0.625
-0.776866 0.0765146 0.625
-0.780625 9.5599e-17 0.625
-0.776866 -0.0765146 0.625
-0.765625 -0.152292 0.625
-0.747011 -0.226603 0.625
-0.721203 -0.298732 0.625
-0.68845 -0.367984 0.625
-0.649066 -0.433692 0.625
-0.603431 -0.495223 0.625
-0.551985 -0.551985 0.625
-0.495223 -0.603431 0.625
-0.433692 -0.649066 0.625
-0.367984 -0.68845 0.625
-0.298732 -0.721203 0.625
-0.226603 -0.747011 0.625
-0.152292 -0.765625 0.625
-0.0765146 -0.776866 0.625
-1.43398e-16 -0.780625 0.625
0.0765146 -0.776866 0.625
0.152292 -0.765625 0.625
0.226603 -0.747011 0.625
0.298732 -0.721203 0.625
0.367984 -0.68845 0.625
0.433692 -0.649066 0.625
0.495223 -0.603431 0.625
0.551985 -0.551985 0.625
0.603431 -0.495223 0.625
0.649066 -0.433692 0.625
0.68845 -0.367984 0.625
0.721203 -0.298732 0.625
0.747011 -0.226603 0.625
0.765625 -0.152292 0.625
0.776866 -0.0765146 0.625
0.811254 0.0398544 0.583333
0.803442 0.119179 0.583333
0.787891 0.197356 0.583333
0.764753 0.273633 0.583333
0.73425 0.347274 0.583333
0.696675 0.417571 0.583333
0.652392 0.483847 0.583333
0.601825 0.545462 0.583333
0.545462 0.601825 0.583333
0.483847 0.652392 0.583333
0.417571 0.696675 0.583333
0.347274 0.73425 0.583333
0.273633 0.764753 0.583333
0.197356 0.787891 0.583333
0.119179 0.803442 0.583333
0.0398544 0.811254 0.583333
-0.0398544 0.811254 0.583333
-0.119179 0.803442 0.583333
-0.197356 0.787891 0.583333
-0.273633 0.764753 0.583333
-0.347274 0.73425 0.583333
-0.417571 0.696675 0.583333
-0.483847 0.652392 0.583333
-0.545462 0.601825 0.583333
-0.601825 0.545462 0.583333
-0.652392 0.483847 0.583333
-0.696675 0.417571 0.583333
-0.73425 0.347274 0.583333
-0.764753 0.273633 0.583333
-0.787891 0.197356 0.583333
-0.803442 0.119179 0.583333
-0.811254 0.0398544 0.583333
-0.811254 -0.0398544 0.583333
-0.803442 -0.119179 0.583333
-0.787891 -0.197356 0.583333
-0.764753 -0.273633 0.583333
-0.73425 -0.347274 0.583333
-0.696675 -0.417571 0.583333
-0.652392 -0.483847 0.583333
-0.601825 -0.545462 0.583333
-0.545462 -0.601825 0.583333
-0.483847 -0.652392 0.583333
-0.417571 -0.696675 0.583333
-0.347274 -0.73425 0.583333
-0.273633 -0.764753 0.583333
-0.197356 -0.787891 0.583333
-0.119179 -0.803442 0.583333
-0.0398544 -0.811254 0.583333
0.0398544 -0.811254 0.583333
0.119179 -0.803442 0.583333
0.197356 -0.787891 0.583333
0.273633 -0.764753 0.583333
0.347274 -0.73425 0.583333
0.417571 -0.696675 0.583333
0.483847 -0.652392 0.583333
0.545462 -0.601825 0.583333
0.601825 -0.545462 0.583333
0.652392 -0.483847 0.583333
0.696675 -0.417571 0.583333
0.73425 -0.347274 0.583333
0.764753 -0.273633 0.583333
0.787891 -0.197356 0.583333
0.803442 -0.119179 0.583333
0.811254 -0.0398544 0.583333
0.840593 0 0.541667
0.836546 0.0823926 0.541667
0.824442 0.163992 0.541667
0.804398 0.244011 0.541667
0.776607 0.321681 0.541667
0.741337 0.396253 0.541667
0.698928 0.467009 0.541667
0.649787 0.533267 0.541667
0.594389 0.594389 0.541667
0.533267 0.649787 0.541667
0.467009 0.698928 0.541667
0.396253 0.741337 0.541667
0.321681 0.776607 0.541667
0.244011 0.804398 0.541667
0.163992 0.824442 0.541667
0.0823926 0.836546 0.541667
5.14715e-17 0.840593 0.541667
-0.0823926 0.836546 0.541667
-0.163992 0.824442 0.541667
-0.244011 0.804398 0.541667
-0.321681 0.776607 0.541667
-0.396253 0.741337 0.541667
-0.467009 0.698928 0.541667
-0.533267 0.649787 0.541667
-0.594389 0.594389 0.541667
-0.649787 0.533267 0.541667
-0.698928 0.467009 0.541667
-0.741337 0.396253 0.541667
-0.776607 0.321681 0.541667
-0.804398 0.244011 0.541667
-0.824442 0.163992 0.541667
-0.836546 0.0823926 0.541667
-0.840593 1.02943e-16 0.541667
-0.836546 -0.0823926 0.541667
-0.824442 -0.163992 0.541667
-0.804398 -0.244011 0.541667
-0.776607 -0.321681 0.541667
-0.741337 -0.396253 0.541667
-0.698928 -0.467009 0.541667
-0.649787 -0.533267 0.541667
-0.594389 -0.594389 0.541667
-0.533267 -0.649787 0.541667
-0.467009 -0.698928 0.541667
-0.396253 -0.741337 0.541667
-0.321681 -0.776607 0.541667
-0.244011 -0.804398 0.541667
-0.163992 -0.824442 0.541667
-0.0823926 -0.836546 0.541667
-1.54414e-16 -0.840593 0.541667
0.0823926 -0.836546 0.541667
0.163992 -0.824442 0.541667
0.244011 -0.804398 0.541667
0.321681 -0.776607 0.541667
0.396253 -0.741337 0.541667
0.467009 -0.698928 0.541667
0.533267 -0.649787 0.541667
0.594389 -0.594389 0.541667
0.649787 -0.533267 0.541667
0.698928 -0.467009 0.541667
0.741337 -0.396253 0.541667
0.776607 -0.321681 0.541667
0.804398 -0.244011 0.541667
0.824442 -0.163992 0.541667
0.836546 -0.0823926 0.541667
0.864982 0.0424939 0.5
0.856652 0.127072 0.5
0.840072 0.210427 0.5
0.815401 0.291755 0.5
0.782878 0.370274 0.5
0.742815 0.445226 0.5
0.695598 0.515891 0.5
0.641682 0.581587 0.5
0.581587 0.641682 0.5
0.515891 0.695598 0.5
0.445226 0.742815 0.5
0.370274 0.782878 0.5
0.291755 0.815401 0.5
0.210427 0.840072 0.5
0.127072 0.856652 0.5
0.0424939 0.864982 0.5
-0.0424939 0.864982 0.5
-0.127072 0.856652 0.5
-0.210427 0.840072 0.5
-0.291755 0.815401 0.5
-0.370274 0.782878 0.5
-0.445226 0.742815 0.5
-0.515891 0.695598 0.5
-0.581587 0.641682 0.5
-0.641682 0.581587 0.5
-0.695598 0.515891 0.5
-0.742815 0.445226 0.5
-0.782878 0.370274 0.5
-0.815401 0.291755 0.5
-0.840072 0.210427 0.5
-0.856652 0.127072 0.5
-0.864982 0.0424939 0.5
-0.864982 -0.0424939 0.5
-0.856652 -0.127072 0.5
-0.840072 -0.210427 0.5
-0.815401 -0.291755 0.5
-0.782878 -0.370274 0.5
-0.742815 -0.445226 0.5
-0.695598 -0.515891 0.5
-0.641682 -0.581587 0.5
-0.581587 -0.641682 0.5
-0.515891 -0.695598 0.5
-0.445226 -0.742815 0.5
-0.370274 -0.782878 0.5
-0.291755 -0.815401 0.5
-0.210427 -0.840072 0.5
-0.127072 -0.856652 0.5
-0.0424939 -0.864982 0.5
0.0424939 -0.864982 0.5
0.127072 -0.856652 0.5
0.210427 -0.840072 0.5
0.291755 -0.815401 0.5
0.370274 -0.782878 0.5
0.445226 -0.742815 0.5
0.515891 -0.695598 0.5
0.581587 -0.641682 0.5
0.641682 -0.581587 0.5
0.695598 -0.515891 0.5
0.742815 -0.445226 0.5
0.782878 -0.370274 0.5
0.815401 -0.291755 0.5
0.840072 -0.210427 0.5
0.856652 -0.127072 0.5
0.864982 -0.0424939 0.5
0.88878 0 0.458333
0.884501 0.0871157 0.458333
0.871703 0.173392 0.458333
0.85051 0.257999 0.458333
0.821126 0.340122 0.458333
0.783834 0.418968 0.458333
0.738994 0.49378 0.458333
0.687037 0.563836 0.458333
0.628463 0.628463 0.458333
0.563836 0.687037 0.458333
0.49378 0.738994 0.458333
0.418968 0.783834 0.458333
0.340122 0.821126 0.458333
0.257999 0.85051 0.458333
0.173392 0.871703 0.458333
0.0871157 0.884501 0.458333
5.44221e-17 0.88878 0.458333
-0.0871157 0.884501 0.458333
-0.173392 0.871703 0.458333
-0.257999 0.85051 0.458333
-0.340122 0.821126 0.458333
-0.418968 0.783834 0.458333
-0.49378 0.738994 0.458333
-0.563836 0.687037 0.458333
-0.628463 0.628463 0.458333
-0.687037 0.563836 0.458333
-0.738994 0.49378 0.458333
-0.783834 0.418968 0.458333
-0.821126 0.340122 0.458333
-0.85051 0.257999 0.458333
-0.871703 0.173392 0.458333
-0.884501 0.0871157 0.458333
-0.88878 1.08844e-16 0.458333
-0.884501 -0.0871157 0.458333
-0.871703 -0.173392 0.458333
-0.85051 -0.257999 0.458333
-0.821126 -0.340122 0.458333
-0.783834 -0.418968 0.458333
-0.738994 -0.49378 0.458333
-0.687037 -0.563836 0.458333
-0.628463 -0.628463 0.458333
-0.563836 -0.687037 0.458333
-0.49378 -0.738994 0.458333
-0.418968 -0.783834 0.458333
-0.340122 -0.821126 0.458333
-0.257999 -0.85051 0.458333
-0.173392 -0.871703 0.458333
-0.0871157 -0.884501 0.458333
-1.63266e-16 -0.88878 0.458333
0.0871157 -0.884501 0.458333
0.173392 -0.871703 0.458333
0.257999 -0.85051 0.458333
0.340122 -0.821126 0.458333
0.418968 -0.783834 0.458333
0.49378 -0.738994 0.458333
0.563836 -0.687037 0.458333
0.628463 -0.628463 0.458333
0.687037 -0.563836 0.458333
0.738994 -0.49378 0.458333
0.783834 -0.418968 0.458333
0.821126 -0.340122 0.458333
0.85051 -0.257999 0.458333
0.871703 -0.173392 0.458333
0.884501 -0.0871157 0.458333
0.907964 0.0446054 0.416667
0.89922 0.133387 0.416667
0.881816 0.220883 0.416667
0.855919 0.306253 0.416667
0.82178 0.388673 0.416667
0.779726 0.46735 0.416667
0.730163 0.541526 0.416667
0.673569 0.610487 0.416667
0.610487 0.673569 0.416667
0.541526 0.730163 0.416667
0.46735 0.779726 0.416667
0.388673 0.82178 0.416667
0.306253 0.855919 0.416667
0.220883 0.881816 0.416667
0.133387 0.89922 0.416667
0.0446054 0.907964 0.416667
-0.0446054 0.907964 0.416667
-0.133387 0.89922 0.416667
-0.220883 0.881816 0.416667
-0.306253 0.855919 0.416667
-0.388673 0.82178 0.416667
-0.46735 0.779726 0.416667
-0.541526 0.730163 0.416667
-0.610487 0.673569 0.416667
-0.673569 0.610487 0.416667
-0.730163 0.541526 0.416667
-0.779726 0.46735 0.416667
-0.82178 0.388673 0.416667
-0.855919 0.306253 0.416667
-0.881816 0.220883 0.416667
-0.89922 0.133387 0.416667
-0.907964 0.0446054 0.416667
-0.907964 -0.0446054 0.416667
-0.89922 -0.133387 0.416667
-0.881816 -0.220883 0.416667
-0.855919 -0.306253 0.416667
-0.82178 -0.388673 0.416667
-0.779726 -0.46735 0.416667
-0.730163 -0.541526 0.416667
-0.673569 -0.610487 0.416667
-0.610487 -0.673569 0.416667
-0.541526 -0.730163 0.416667
-0.46735 -0.779726 0.416667
-0.388673 -0.82178 0.416667
-0.306253 -0.855919 0.416667
-0.220883 -0.881816 0.416667
-0.133387 -0.89922 0.416667
-0.0446054 -0.907964 0.416667
0.0446054 -0.907964 0.416667
0.133387 -0.89922 0.416667
0.220883 -0.881816 0.416667
0.306253 -0.855919 0.416667
0.388673 -0.82178 0.416667
0.46735 -0.779726 0.416667
0.541526 -0.730163 0.416667
0.610487 -0.673569 0.416667
0.673569 -0.610487 0.416667
0.730163 -0.541526 0.416667
0.779726 -0.46735 0.416667
0.82178 -0.388673 0.416667
0.855919 -0.306253 0.416667
0.881816 -0.220883 0.416667
0.89922 -0.133387 0.416667
0.907964 -0.0446054 0.416667
0.927025 0 0.375
0.922561 0.0908643 0.375
0.909212 0.180854 0.375
0.887107 0.269101 0.375
0.856459 0.354757 0.375
0.817563 0.436996 0.375
0.770793 0.515027 0.375
0.7166 0.588098 0.375
0.655506 0.655506 0.375
0.588098 0.7166 0.375
0.515027 0.770793 0.375
0.436996 0.817563 0.375
0.354757 0.856459 0.375
0.269101 0.887107 0.375
0.180854 0.909212 0.375
0.0908643 0.922561 0.375
5.67639e-17 0.927025 0.375
-0.0908643 0.922561 0.375
-0.180854 0.909212 0.375
-0.269101 0.887107 0.375
-0.354757 0.856459 0.375
-0.436996 0.817563 0.375
-0.515027 0.770793 0.375
-0.588098 0.7166 0.375
-0.655506 0.655506 0.375
-0.7166 0.588098 0.375
-0.770793 0.515027 0.375
-0.817563 0.436996 0.375
-0.856459 0.354757 0.375
-0.887107 0.269101 0.375
-0.909212 0.180854 0.375
-0.922561 0.0908643 0.375
-0.927025 1.13528e-16 0.375
-0.922561 -0.0908643 0.375
-0.909212 -0.180854 0.375
-0.887107 -0.269101 0.375
-0.856459 -0.354757 0.375
-0.817563 -0.436996 0.375
-0.770793 -0.515027 0.375
-0.7166 -0.588098 0.375
-0.655506 -0.655506 0.375
-0.588098 -0.7166 0.375
-0.515027 -0.770793 0.375
-0.436996 -0.817563 0.375
-0.354757 -0.856459 0.375
-0.269101 -0.887107 0.375
-0.180854 -0.909212 0.375
-0.0908643 -0.922561 0.375
-1.70292e-16 -0.927025 0.375
0.0908643 -0.922561 0.375
0.180854 -0.909212 0.375
0.269101 -0.887107 0.375
0.354757 -0.856459 0.375
0.436996 -0.817563 0.375
0.515027 -0.770793 0.375
0.588098 -0.7166 0.375
0.655506 -0.655506 0.375
0.7166 -0.588098 0.375
0.770793 -0.515027 0.375
0.817563 -0.436996 0.375
0.856459 -0.354757 0.375
0.887107 -0.269101 0.375
0.909212 -0.180854 0.375
0.922561 -0.0908643 0.375
0.941673 0.0462614 0.333333
0.932605 0.138339 0.333333
0.914554 0.229084 0.333333
0.887696 0.317623 0.333333
0.852289 0.403103 0.333333
0.808674 0.484701 0.333333
0.757271 0.561631 0.333333
0.698575 0.633152 0.333333
0.633152 0.698575 0.333333
0.561631 0.757271 0.333333
0.484701 0.808674 0.333333
0.403103 0.852289 0.333333
0.317623 0.887696 0.333333
0.229084 0.914554 0.333333
0.138339 0.932605 0.333333
0.0462614 0.941673 0.333333
-0.0462614 0.941673 0.333333
-0.138339 0.932605 0.333333
-0.229084 0.914554 0.333333
-0.317623 0.887696 0.333333
-0.403103 0.852289 0.333333
-0.484701 0.808674 0.333333
-0.561631 0.757271 0.333333
-0.633152 0.698575 0.333333
-0.698575 0.633152 0.333333
-0.757271 0.561631 0.333333
-0.808674 0.484701 0.333333
-0.852289 0.403103 0.333333
-0.887696 0.317623 0.333333
-0.914554 0.229084 0.333333
-0.932605 0.138339 0.333333
-0.941673 0.0462614 0.333333
-0.941673 -0.0462614 0.333333
-0.932605 -0.138339 0.333333
-0.914554 -0.229084 0.333333
-0.887696 -0.317623 0.333333
-0.852289 -0.403103 0.333333
-0.808674 -0.484701 0.333333
-0.757271 -0.561631 0.333333
-0.698575 -0.633152 0.333333
-0.633152 -0.698575 0.333333
-0.561631 -0.757271 0.333333
-0.484701 -0.808674 0.333333
-0.403103 -0.852289 0.333333
-0.317623 -0.887696 0.333333
-0.229084 -0.914554 0.333333
-0.138339 -0.932605 0.333333
-0.0462614 -0.941673 0.333333
0.0462614 -0.941673 0.333333
0.138339 -0.932605 0.333333
0.229084 -0.914554 0.333333
0.317623 -0.887696 0.333333
0.403103 -0.852289 0.333333
0.484701 -0.808674 0.333333
0.561631 -0.757271 0.333333
0.633152 -0.698575 0.333333
0.698575 -0.633152 0.333333
0.757271 -0.561631 0.333333
0.808674 -0.484701 0.333333
0.852289 -0.403103 0.333333
0.887696 -0.317623 0.333333
0.914554 -0.229084 0.333333
0.932605 -0.138339 0.333333
0.941673 -0.0462614 0.333333
0.95652 0 0.291667
0.951914 0.0937554 0.291667
0.938141 0.186608 0.291667
0.915333 0.277663 0.291667
0.883709 0.366044 0.291667
0.843575 0.4509 0.291667
0.795317 0.531414 0.291667
0.7394 0.60681 0.291667
0.676362 0.676362 0.291667
0.60681 0.7394 0.291667
0.531414 0.795317 0.291667
0.4509 0.843575 0.291667
0.366044 0.883709 0.291667
0.277663 0.915333 0.291667
0.186608 0.938141 0.291667
0.0937554 0.951914 0.291667
5.857e-17 0.95652 0.291667
-0.0937554 0.951914 0.291667
-0.186608 0.938141 0.291667
-0.277663 0.915333 0.291667
-0.366044 0.883709 0.291667
-0.4509 0.843575 0.291667
-0.531414 0.795317 0.291667
-0.60681 0.7394 0.291667
-0.676362 0.676362 0.291667
-0.7394 0.60681 0.291667
-0.795317 0.531414 0.291667
-0.843575 0.4509 0.291667
-0.883709 0.366044 0.291667
-0.915333 0.277663 0.291667
-0.938141 0.186608 0.291667
-0.951914 0.0937554 0.291667
-0.95652 1.1714e-16 0.291667
-0.951914 -0.0937554 0.291667
-0.938141 -0.186608 0.291667
-0.915333 -0.277663 0.291667
-0.883709 -0.366044 0.291667
-0.843575 -0.4509 0.291667
-0.795317 -0.531414 0.291667
-0.7394 -0.60681 0.291667
-0.676362 -0.676362 0.291667
-0.60681 -0.7394 0.291667
-0.531414 -0.795317 0.291667
-0.4509 -0.843575 0.291667
-0.366044 -0.883709 0.291667
-0.277663 -0.915333 0.291667
-0.186608 -0.938141 0.291667
-0.0937554 -0.951914 0.291667
-1.7571e-16 -0.95652 0.291667
0.0937554 -0.951914 0.291667
0.186608 -0.938141 0.291667
0.277663 -0.915333 0.291667
0.366044 -0.883709 0.291667
0.4509 -0.843575 0.291667
0.531414 -0.795317 0.291667
0.60681 -0.7394 0.291667
0.676362 -0.676362 0.291667
0.7394 -0.60681 0.291667
0.795317 -0.531414 0.291667
0.843575 -0.4509 0.291667
0.883709 -0.366044 0.291667
0.915333 -0.277663 0.291667
0.938141 -0.186608 0.291667
0.951914 -0.0937554 0.291667
0.96708 0.0475096 0.25
0.957766 0.142071 0.25
0.939229 0.235265 0.25
0.911646 0.326192 0.25
0.875284 0.413978 0.25
0.830492 0.497778 0.25
0.777702 0.576783 0.25
0.717423 0.650234 0.25
0.650234 0.717423 0.25
0.576783 0.777702 0.25
0.497778 0.830492 0.25
0.413978 0.875284 0.25
0.326192 0.911646 0.25
0.235265 0.939229 0.25
0.142071 0.957766 0.25
0.0475096 0.96708 0.25
-0.0475096 0.96708 0.25
-0.142071 0.957766 0.25
-0.235265 0.939229 0.25
-0.326192 0.911646 0.25
-0.413978 0.875284 0.25
-0.497778 0.830492 0.25
-0.576783 0.777702 0.25
-0.650234 0.717423 0.25
-0.717423 0.650234 0.25
-0.777702 0.576783 0.25
-0.830492 0.497778 0.25
-0.875284 0.413978 0.25
-0.911646 0.326192 0.25
-0.939229 0.235265 0.25
-0.957766 0.142071 0.25
-0.96708 0.0475096 0.25
-0.96708 -0.0475096 0.25
-0.957766 -0.142071 0.25
-0.939229 -0.235265 0.25
-0.911646 -0.326192 0.25
-0.875284 -0.413978 0.25
-0.830492 -0.497778 0.25
-0.777702 -0.576783 0.25
-0.717423 -0.650234 0.25
-0.650234 -0.717423 0.25
-0.576783 -0.777702 0.25
-0.497778 -0.830492 0.25
-0.413978 -0.875284 0.25
-0.326192 -0.911646 0.25
-0.235265 -0.939229 0.25
-0.142071 -0.957766 0.25
-0.0475096 -0.96708 0.25
0.0475096 -0.96708 0.25
0.142071 -0.957766 0.25
0.235265 -0.939229 0.25
0.326192 -0.911646 0.25
0.413978 -0.875284 0.25
0.497778 -0.830492 0.25
0.576783 -0.777702 0.25
0.650234 -0.717423 0.25
0.717423 -0.650234 0.25
0.777702 -0.576783 0.25
0.830492 -0.497778 0.25
0.875284 -0.413978 0.25
0.911646 -0.326192 0.25
0.939229 -0.235265 0.25
0.957766 -0.142071 0.25
0.96708 -0.0475096 0.25
0.978058 0 0.208333
0.973348 0.0958664 0.208333
0.959265 0.19081 0.208333
0.935943 0.283915 0.208333
0.903608 0.374287 0.208333
0.86257 0.461053 0.208333
0.813225 0.54338 0.208333
0.756049 0.620473 0.208333
0.691591 0.691591 0.208333
0.620473 0.756049 0.208333
0.54338 0.813225 0.208333
0.461053 0.86257 0.208333
0.374287 0.903608 0.208333
0.283915 0.935943 0.208333
0.19081 0.959265 0.208333
0.0958664 0.973348 0.208333
5.98888e-17 0.978058 0.208333
-0.0958664 0.973348 0.208333
-0.19081 0.959265 0.208333
-0.283915 0.935943 0.208333
-0.374287 0.903608 0.208333
-0.461053 0.86257 0.208333
-0.54338 0.813225 0.208333
-0.620473 0.756049 0.208333
-0.691591 0.691591 0.208333
-0.756049 0.620473 0.208333
-0.813225 0.54338 0.208333
-0.86257 0.461053 0.208333
-0.903608 0.374287 0.208333
-0.935943 0.283915 0.208333
-0.959265 0.19081 0.208333
-0.973348 0.0958664 0.208333
-0.978058 1.19778e-16 0.208333
-0.973348 -0.0958664 0.208333
-0.959265 -0.19081 0.208333
-0.935943 -0.283915 0.208333
-0.903608 -0.374287 0.208333
-0.86257 -0.461053 0.208333
-0.813225 -0.54338 0.208333
-0.756049 -0.620473 0.208333
-0.691591 -0.691591 0.208333
-0.620473 -0.756049 0.208333
-0.54338 -0.813225 0.208333
-0.461053 -0.86257 0.208333
-0.374287 -0.903608 0.208333
-0.283915 -0.935943 0.208333
-0.19081 -0.959265 0.208333
-0.0958664 -0.973348 0.208333
-1.79666e-16 -0.978058 0.208333
0.0958664 -0.973348 0.208333
0.19081 -0.959265 0.208333
0.283915 -0.935943 0.208333
0.374287 -0.903608 0.208333
0.461053 -0.86257 0.208333
0.54338 -0.813225 0.208333
0.620473 -0.756049 0.208333
0.691591 -0.691591 0.208333
0.756049 -0.620473 0.208333
0.813225 -0.54338 0.208333
0.86257 -0.461053 0.208333
0.903608 -0.374287 0.208333
0.935943 -0.283915 0.208333
0.959265 -0.19081 0.208333
0.973348 -0.0958664 0.208333
0.984826 0.0483814 0.166667
0.975341 0.144678 0.166667
0.956464 0.239582 0.166667
0.928375 0.332178 0.166667
0.891345 0.421575 0.166667
0.845732 0.506912 0.166667
0.791973 0.587367 0.166667
0.730588 0.662166 0.166667
0.662166 0.730588 0.166667
0.587367 0.791973 0.166667
0.506912 0.845732 0.166667
0.421575 0.891345 0.166667
0.332178 0.928375 0.166667
0.239582 0.956464 0.166667
0.144678 0.975341 0.166667
0.0483814 0.984826 0.166667
-0.0483814 0.984826 0.166667
-0.144678 0.975341 0.166667
-0.239582 0.956464 0.166667
-0.332178 0.928375 0.166667
-0.421575 0.891345 0.166667
-0.506912 0.845732 0.166667
-0.587367 0.791973 0.166667
-0.662166 0.730588 0.166667
-0.730588 0.662166 0.166667
-0.791973 0.587367 0.166667
-0.845732 0.506912 0.166667
-0.891345 0.421575 0.166667
-0.928375 0.332178 0.166667
-0.956464 0.239582 0.166667
-0.975341 0.144678 0.166667
-0.984826 0.0483814 0.166667
-0.984826 -0.0483814 0.166667
-0.975341 -0.144678 0.166667
-0.956464 -0.239582 0.166667
-0.928375 -0.332178 0.166667
-0.891345 -0.421575 0.166667
-0.845732 -0.506912 0.166667
-0.791973 -0.587367 0.166667
-0.730588 -0.662166 0.166667
-0.662166 -0.730588 0.166667
-0.587367 -0.791973 0.166667
-0.506912 -0.845732 0.166667
-0.421575 -0.891345 0.166667
-0.332178 -0.928375 0.166667
-0.239582 -0.956464 0.166667
-0.144678 -0.975341 0.166667
-0.0483814 -0.984826 0.166667
0.0483814 -0.984826 0.166667
0.144678 -0.975341 0.166667
0.239582 -0.956464 0.166667
0.332178 -0.928375 0.166667
0.421575 -0.891345 0.166667
0.506912 -0.845732 0.166667
0.587367 -0.791973 0.166667
0.662166 -0.730588 0.166667
0.730588 -0.662166 0.166667
0.791973 -0.587367 0.166667
0.845732 -0.506912 0.166667
0.891345 -0.421575 0.166667
0.928375 -0.332178 0.166667
0.956464 -0.239582 0.166667
0.975341 -0.144678 0.166667
0.984826 -0.0483814 0.166667
0.992157 0 0.125
0.987379 0.0972484 0.125
0.973093 0.19356 0.125
0.949435 0.288008 0.125
0.916633 0.379682 0.125
0.875004 0.467699 0.125
0.824948 0.551213 0.125
0.766948 0.629418 0.125
0.701561 0.701561 0.125
0.629418 0.766948 0.125
0.551213 0.824948 0.125
0.467699 0.875004 0.125
0.379682 0.916633 0.125
0.288008 0.949435 0.125
0.19356 0.973093 0.125
0.0972484 0.987379 0.125
6.07521e-17 0.992157 0.125
-0.0972484 0.987379 0.125
-0.19356 0.973093 0.125
-0.288008 0.949435 0.125
-0.379682 0.916633 0.125
-0.467699 0.875004 0.125
-0.551213 0.824948 0.125
-0.629418 0.766948 0.125
-0.701561 0.701561 0.125
-0.766948 0.629418 0.125
-0.824948 0.551213 0.125
-0.875004 0.467699 0.125
-0.916633 0.379682 0.125
-0.949435 0.288008 0.125
-0.973093 0.19356 0.125
-0.987379 0.0972484 0.125
-0.992157 1.21504e-16 0.125
-0.987379 -0.0972484 0.125
-0.973093 -0.19356 0.125
-0.949435 -0.288008 0.125
-0.916633 -0.379682 0.125
-0.875004 -0.467699 0.125
-0.824948 -0.551213 0.125
-0.766948 -0.629418 0.125
-0.701561 -0.701561 0.125
-0.629418 -0.766948 0.125
-0.551213 -0.824948 0.125
-0.467699 -0.875004 0.125
-0.379682 -0.916633 0.125
-0.288008 -0.949435 0.125
-0.19356 -0.973093 0.125
-0.0972484 -0.987379 0.125
-1.82256e-16 -0.992157 0.125
0.0972484 -0.987379 0.125
0.19356 -0.973093 0.125
0.288008 -0.949435 0.125
0.379682 -0.916633 0.125
0.467699 -0.875004 0.125
0.551213 -0.824948 0.125
0.629418 -0.766948 0.125
0.701561 -0.701561 0.125
0.766948 -0.629418 0.125
0.824948 -0.551213 0.125
0.875004 -0.467699 0.125
0.916633 -0.379682 0.125
0.949435 -0.288008 0.125
0.973093 -0.19356 0.125
0.987379 -0.0972484 0.125
0.995321 0.048897 0.0833333
0.985736 0.14622 0.0833333
0.966657 0.242135 0.0833333
0.938269 0.335718 0.0833333
0.900845 0.426068 0.0833333
0.854745 0.512315 0.0833333
0.800414 0.593627 0.0833333
0.738374 0.669223 0.0833333
0.669223 0.738374 0.0833333
0.593627 0.800414 0.0833333
0.512315 0.854745 0.0833333
0.426068 0.900845 0.0833333
0.335718 0.938269 0.0833333
0.242135 0.966657 0.0833333
0.14622 0.985736 0.0833333
0.048897 0.995321 0.0833333
-0.048897 0.995321 0.0833333
-0.14622 0.985736 0.0833333
-0.242135 0.966657 0.0833333
-0.335718 0.938269 0.0833333
-0.426068 0.900845 0.0833333
-0.512315 0.854745 0.0833333
-0.593627 0.800414 0.0833333
-0.669223 0.738374 0.0833333
-0.738374 0.669223 0.0833333
-0.800414 0.593627 0.0833333
-0.854745 0.512315 0.0833333
-0.900845 0.426068 0.0833333
-0.938269 0.335718 0.0833333
-0.966657 0.242135 0.0833333
-0.985736 0.14622 0.0833333
-0.995321 0.048897 0.0833333
-0.995321 -0.048897 0.0833333
-0.985736 -0.14622 0.0833333
-0.966657 -0.242135 0.0833333
-0.938269 -0.335718 0.0833333
-0.900845 -0.426068 0.0833333
-0.854745 -0.512315 0.0833333
-0.800414 -0.593627 0.0833333
-0.738374 -0.669223 0.0833333
-0.669223 -0.738374 0.0833333
-0.593627 -0.800414 0.0833333
-0.512315 -0.854745 0.0833333
-0.426068 -0.900845 0.0833333
-0.335718 -0.938269 0.0833333
-0.242135 -0.966657 0.0833333
-0.14622 -0.985736 0.0833333
-0.048897 -0.995321 0.0833333
0.048897 -0.995321 0.0833333
0.14622 -0.985736 0.0833333
0.242135 -0.966657 0.0833333
0.335718 -0.938269 0.0833333
0.426068 -0.900845 0.0833333
0.512315 -0.854745 0.0833333
0.593627 -0.800414 0.0833333
0.669223 -0.738374 0.0833333
0.738374 -0.669223 0.0833333
0.800414 -0.593627 0.0833333
0.854745 -0.512315 0.0833333
0.900845 -0.426068 0.0833333
0.938269 -0.335718 0.0833333
0.966657 -0.242135 0.0833333
0.985736 -0.14622 0.0833333
0.995321 -0.048897 0.0833333
0.999132 0 0.0416667
0.99432 0.097932 0.0416667
0.979934 0.194921 0.0416667
0.956109 0.290033 0.0416667
0.923077 0.382351 0.0416667
0.881155 0.470987 0.0416667
0.830748 0.555088 0.0416667
0.772339 0.633842 0.0416667
0.706493 0.706493 0.0416667
0.633842 0.772339 0.0416667
0.555088 0.830748 0.0416667
0.470987 0.881155 0.0416667
0.382351 0.923077 0.0416667
0.290033 0.956109 0.0416667
0.194921 0.979934 0.0416667
0.097932 0.99432 0.0416667
6.11792e-17 0.999132 0.0416667
-0.097932 0.99432 0.0416667
-0.194921 0.979934 0.0416667
-0.290033 0.956109 0.0416667
-0.382351 0.923077 0.0416667
-0.470987 0.881155 0.0416667
-0.555088 0.830748 0.0416667
-0.633842 0.772339 0.0416667
-0.706493 0.706493 0.0416667
-0.772339 0.633842 0.0416667
-0.830748 0.555088 0.0416667
-0.881155 0.470987 0.0416667
-0.923077 0.382351 0.0416667
-0.956109 0.290033 0.0416667
-0.979934 0.194921 0.0416667
-0.99432 0.097932 0.0416667
-0.999132 1.22358e-16 0.0416667
-0.99432 -0.097932 0.0416667
-0.979934 -0.194921 0.0416667
-0.956109 -0.290033 0.0416667
-0.923077 -0.382351 0.0416667
-0.881155 -0.470987 0.0416667
-0.830748 -0.555088 0.0416667
-0.772339 -0.633842 0.0416667
-0.706493 -0.706493 0.0416667
-0.633842 -0.772339 0.0416667
-0.555088 -0.830748 0.0416667
-0.470987 -0.881155 0.0416667
-0.382351 -0.923077 0.0416667
-0.290033 -0.956109 0.0416667
-0.194921 -0.979934 0.0416667
-0.097932 -0.99432 0.0416667
-1.83537e-16 -0.999132 0.0416667
0.097932 -0.99432 0.0416667
0.194921 -0.979934 0.0416667
0.290033 -0.956109 0.0416667
0.382351 -0.923077 0.0416667
0.470987 -0.881155 0.0416667
0.555088 -0.830748 0.0416667
0.633842 -0.772339 0.0416667
0.706493 -0.706493 0.0416667
0.772339 -0.633842 0.0416667
0.830748 -0.555088 0.0416667
0.881155 -0.470987 0.0416667
0.923077 -0.382351 0.0416667
0.956109 -0.290033 0.0416667
0.979934 -0.194921 0.0416667
0.99432 -0.097932 0.0416667
0.998795 0.0490677 6.12323e-17
0.989177 0.14673 6.12323e-17
0.970031 0.24298 6.12323e-17
0.941544 0.33689 6.12323e-17
0.903989 0.427555 6.12323e-17
0.857729 0.514103 6.12323e-17
0.803208 0.595699 6.12323e-17
0.740951 0.671559 6.12323e-17
0.671559 0.740951 6.12323e-17
0.595699 0.803208 6.12323e-17
0.514103 0.857729 6.12323e-17
0.427555 0.903989 6.12323e-17
0.33689 0.941544 6.12323e-17
0.24298 0.970031 6.12323e-17
0.14673 0.989177 6.12323e-17
0.0490677 0.998795 6.12323e-17
-0.0490677 0.998795 6.12323e-17
-0.14673 0.989177 6.12323e-17
-0.24298 0.970031 6.12323e-17
-0.33689 0.941544 6.12323e-17
-0.427555 0.903989 6.12323e-17
-0.514103 0.857729 6.12323e-17
-0.595699 0.803208 6.12323e-17
-0.671559 0.740951 6.12323e-17
-0.740951 0.671559 6.12323e-17
-0.803208 0.595699 6.12323e-17
-0.857729 0.514103 6.12323e-17
-0.903989 0.427555 6.12323e-17
-0.941544 0.33689 6.12323e-17
-0.970031 0.24298 6.12323e-17
-0.989177 0.14673 6.12323e-17
-0.998795 0.0490677 6.12323e-17
-0.998795 -0.0490677 6.12323e-17
-0.989177 -0.14673 6.12323e-17
-0.970031 -0.24298 6.12323e-17
-0.941544 -0.33689 6.12323e-17
-0.903989 -0.427555 6.12323e-17
-0.857729 -0.514103 6.12323e-17
-0.803208 -0.595699 6.12323e-17
-0.740951 -0.671559 6.12323e-17
-0.671559 -0.740951 6.12323e-17
-0.595699 -0.803208 6.12323e-17
-0.514103 -0.857729 6.12323e-17
-0.427555 -0.903989 6.12323e-17
-0.33689 -0.941544 6.12323e-17
-0.24298 -0.970031 6.12323e-17
-0.14673 -0.989177 6.12323e-17
-0.0490677 -0.998795 6.12323e-17
0.0490677 -0.998795 6.12323e-17
0.14673 -0.989177 6.12323e-17
0.24298 -0.970031 6.12323e-17
0.33689 -0.941544 6.12323e-17
0.427555 -0.903989 6.12323e-17
0.514103 -0.857729 6.12323e-17
0.595699 -0.803208 6.12323e-17
0.671559 -0.740951 6.12323e-17
0.740951 -0.671559 6.12323e-17
0.803208 -0.595699 6.12323e-17
0.857729 -0.514103 6.12323e-17
0.903989 -0.427555 6.12323e-17
0.941544 -0.33689 6.12323e-17
0.970031 -0.24298 6.12323e-17
0.989177 -0.14673 6.12323e-17
0.998795 -0.0490677 6.12323e-17
0.999132 0 -0.0416667
0.99432 0.097932 -0.0416667
0.979934 0.194921 -0.0416667
0.956109 0.290033 -0.0416667
0.923077 0.382351 -0.0416667
0.881155 0.470987 -0.0416667
0.830748 0.555088 -0.0416667
0.772339 0.633842 -0.0416667
0.706493 0.706493 -0.0416667
0.633842 0.772339 -0.0416667
0.555088 0.830748 -0.0416667
0.470987 0.881155 -0.0416667
0.382351 0.923077 -0.0416667
0.290033 0.956109 -0.0416667
0.194921 0.979934 -0.0416667
0.097932 0.99432 -0.0416667
6.11792e-17 0.999132 -0.0416667
-0.097932 0.99432 -0.0416667
-0.194921 0.979934 -0.0416667
-0.290033 0.956109 -0.0416667
-0.382351 0.923077 -0.0416667
-0.470987 0.881155 -0.0416667
-0.555088 0.830748 -0.0416667
-0.633842 0.772339 -0.0416667
-0.706493 0.706493 -0.0416667
-0.772339 0.633842 -0.0416667
-0.830748 0.555088 -0.0416667
-0.881155 0.470987 -0.0416667
-0.923077 0.382351 -0.0416667
-0.956109 0.290033 -0.0416667
-0.979934 0.194921 -0.0416667
-0.99432 0.097932 -0.0416667
-0.999132 1.22358e-16 -0.0416667
-0.99432 -0.097932 -0.0416667
-0.979934 -0.194921 -0.0416667
-0.956109 -0.290033 -0.0416667
-0.923077 -0.382351 -0.0416667
-0.881155 -0.470987 -0.0416667
-0.830748 -0.555088 -0.0416667
-0.772339 -0.633842 -0.0416667
-0.706493 -0.706493 -0.0416667
-0.633842 -0.772339 -0.0416667
-0.555088 -0.830748 -0.0416667
-0.470987 -0.881155 -0.0416667
-0.382351 -0.923077 -0.0416667
-0.290033 -0.956109 -0.0416667
-0.194921 -0.979934 -0.0416667
-0.097932 -0.99432 -0.0416667
-1.83537e-16 -0.999132 -0.0416667
0.097932 -0.99432 -0.0416667
0.194921 -0.979934 -0.0416667
0.290033 -0.956109 -0.0416667
0.382351 -0.923077 -0.0416667
0.470987 -0.881155 -0.0416667
0.555088 -0.830748 -0.0416667
0.633842 -0.772339 -0.0416667
0.706493 -0.706493 -0.0416667
0.772339 -0.633842 -0.0416667
0.830748 -0.555088 -0.0416667
0.881155 -0.470987 -0.0416667
0.923077 -0.382351 -0.0416667
0.956109 -0.290033 -0.0416667
0.979934 -0.194921 -0.0416667
0.99432 -0.097932 -0.0416667
0.995321 0.048897 -0.0833333
0.985736 0.14622 -0.0833333
0.966657 0.242135 -0.0833333
0.938269 0.335718 -0.0833333
0.900845 0.426068 -0.0833333
0.854745 0.512315 -0.0833333
0.800414 0.593627 -0.0833333
0.738374 0.669223 -0.0833333
0.669223 0.738374 -0.0833333
0.593627 0.800414 -0.0833333
0.512315 0.854745 -0.0833333
0.426068 0.900845 -0.0833333
0.335718 0.938269 -0.0833333
0.242135 0.966657 -0.0833333
0.14622 0.985736 -0.0833333
0.048897 0.995321 -0.0833333
-0.048897 0.995321 -0.0833333
-0.14622 0.985736 -0.0833333
-0.242135 0.966657 -0.0833333
-0.335718 0.938269 -0.0833333
-0.426068 0.900845 -0.0833333
-0.512315 0.854745 -0.0833333
-0.593627 0.800414 -0.0833333
-0.669223 0.738374 -0.0833333
-0.738374 0.669223 -0.0833333
-0.800414 0.593627 -0.0833333
-0.854745 0.512315 -0.0833333
-0.900845 0.426068 -0.0833333
-0.938269 0.335718 -0.0833333
-0.966657 0.242135 -0.0833333
-0.985736 0.14622 -0.0833333
-0.995321 0.048897 -0.0833333
-0.995321 -0.048897 -0.0833333
-0.985736 -0.14622 -0.0833333
-0.966657 -0.242135 -0.0833333
-0.938269 -0.335718 -0.0833333
-0.900845 -0.426068 -0.0833333
-0.854745 -0.512315 -0.0833333
-0.800414 -0.593627 -0.0833333
-0.738374 -0.669223 -0.0833333
-0.669223 -0.738374 -0.0833333
-0.593627 -0.800414 -0.0833333
-0.512315 -0.854745 -0.0833333
-0.426068 -0.900845 -0.0833333
-0.335718 -0.938269 -0.0833333
-0.242135 -0.966657 -0.0833333
-0.14622 -0.985736 -0.0833333
-0.048897 -0.995321 -0.0833333
0.048897 -0.995321 -0.0833333
0.14622 -0.985736 -0.0833333
0.242135 -0.966657 -0.0833333
0.335718 -0.938269 -0.0833333
0.426068 -0.900845 -0.0833333
0.512315 -0.854745 -0.0833333
0.593627 -0.800414 -0.0833333
0.669223 -0.738374 -0.0833333
0.738374 -0.669223 -0.0833333
0.800414 -0.593627 -0.0833333
0.854745 -0.512315 -0.0833333
0.900845 -0.426068 -0.0833333
0.938269 -0.335718 -0.0833333
0.966657 -0.242135 -0.0833333
0.985736 -0.14622 -0.0833333
0.995321 -0.048897 -0.0833333
0.992157 0 -0.125
0.987379 0.0972484 -0.125
0.973093 0.19356 -0.125
0.949435 0.288008 -0.125
0.916633 0.379682 -0.125
0.875004 0.467699 -0.125
0.824948 0.551213 -0.125
0.766948 0.629418 -0.125
0.701561 0.701561 -0.125
0.629418 0.766948 -0.125
0.551213 0.824948 -0.125
0.467699 0.875004 -0.125
0.379682 0.916633 -0.125
0.288008 0.949435 -0.125
0.19356 0.973093 -0.125
0.0972484 0.987379 -0.125
6.07521e-17 0.992157 -0.125
-0.0972484 0.987379 -0.125
-0.19356 0.973093 -0.125
-0.288008 0.949435 -0.125
-0.379682 0.916633 -0.125
-0.467699 0.875004 -0.125
-0.551213 0.824948 -0.125
-0.629418 0.766948 -0.125
-0.701561 0.701561 -0.125
-0.766948 0.629418 -0.125
-0.824948 0.551213 -0.125
-0.875004 0.467699 -0.125
-0.916633 0.379682 -0.125
-0.949435 0.288008 -0.125
-0.973093 0.19356 -0.125
-0.987379 0.0972484 -0.125
-0.992157 1.21504e-16 -0.125
-0.987379 -0.0972484 -0.125
-0.973093 -0.19356 -0.125
-0.949435 -0.288008 -0.125
-0.916633 -0.379682 -0.125
-0.875004 -0.467699 -0.125
-0.824948 -0.551213 -0.125
-0.766948 -0.629418 -0.125
-0.701561 -0.701561 -0.125
-0.629418 -0.766948 -0.125
-0.551213 -0.824948 -0.125
-0.467699 -0.875004 -0.125
-0.379682 -0.916633 -0.125
-0.288008 -0.949435 -0.125
-0.19356 -0.973093 -0.125
-0.0972484 -0.987379 -0.125
-1.82256e-16 -0.992157 -0.125
0.0972484 -0.987379 -0.125
0.19356 -0.973093 -0.125
0.288008 -0.949435 -0.125
0.379682 -0.916633 -0.125
0.467699 -0.875004 -0.125
0.551213 -0.824948 -0.125
0.629418 -0.766948 -0.125
0.701561 -0.701561 -0.125
0.766948 -0.629418 -0.125
0.824948 -0.551213 -0.125
0.875004 -0.467699 -0.125
0.916633 -0.379682 -0.125
0.949435 -0.288008 -0.125
0.973093 -0.19356 -0.125
0.987379 -0.0972484 -0.125
0.984826 0.0483814 -0.166667
0.975341 0.144678 -0.166667
0.956464 0.239582 -0.166667
0.928375 0.332178 -0.166667
0.891345 0.421575 -0.166667
0.845732 0.506912 -0.166667
0.791973 0.587367 -0.166667
0.730588 0.662166 -0.166667
0.662166 0.730588 -0.166667
0.587367 0.791973 -0.166667
0.506912 0.845732 -0.166667
0.421575 0.891345 -0.166667
0.332178 0.928375 -0.166667
0.239582 0.956464 -0.166667
0.144678 0.975341 -0.166667
0.0483814 0.984826 -0.166667
-0.0483814 0.984826 -0.166667
-0.144678 0.975341 -0.166667
-0.239582 0.956464 -0.166667
-0.332178 0.928375 -0.166667
-0.421575 0.891345 -0.166667
-0.506912 0.845732 -0.166667
-0.587367 0.791973 -0.166667
-0.662166 0.730588 -0.166667
-0.730588 0.662166 -0.166667
-0.791973 0.587367 -0.166667
-0.845732 0.506912 -0.166667
-0.891345 0.421575 -0.166667
-0.928375 0.332178 -0.166667
-0.956464 0.239582 -0.166667
-0.975341 0.144678 -0.166667
-0.984826 0.0483814 -0.166667
-0.984826 -0.0483814 -0.166667
-0.975341 -0.144678 -0.166667
-0.956464 -0.239582 -0.166667
-0.928375 -0.332178 -0.166667
-0.891345 -0.421575 -0.166667
-0.845732 -0.506912 -0.166667
-0.791973 -0.587367 -0.166667
-0.730588 -0.662166 -0.166667
-0.662166 -0.730588 -0.166667
-0.587367 -0.791973 -0.166667
-0.506912 -0.845732 -0.166667
-0.421575 -0.891345 -0.166667
-0.332178 -0.928375 -0.166667
-0.239582 -0.956464 -0.166667
-0.144678 -0.975341 -0.166667
-0.0483814 -0.984826 -0.166667
0.0483814 -0.984826 -0.166667
0.144678 -0.975341 -0.166667
0.239582 -0.956464 -0.166667
0.332178 -0.928375 -0.166667
0.421575 -0.891345 -0.166667
0.506912 -0.845732 -0.166667
0.587367 -0.791973 -0.166667
0.662166 -0.730588 -0.166667
0.730588 -0.662166 -0.166667
0.791973 -0.587367 -0.166667
0.845732 -0.506912 -0.166667
0.891345 -0.421575 -0.166667
0.928375 -0.332178 -0.166667
0.956464 -0.239582 -0.166667
0.975341 -0.144678 -0.166667
0.984826 -0.0483814 -0.166667
0.978058 0 -0.208333
0.973348 0.0958664 -0.208333
0.959265 0.19081 -0.208333
0.935943 0.283915 -0.208333
0.903608 0.374287 -0.208333
0.86257 0.461053 -0.208333
0.813225 0.54338 -0.208333
0.756049 0.620473 -0.208333
0.691591 0.691591 -0.208333
0.620473 0.756049 -0.208333
0.54338 0.813225 -0.208333
0.461053 0.86257 -0.208333
0.374287 0.903608 -0.208333
0.283915 0.935943 -0.208333
0.19081 0.959265 -0.208333
0.0958664 0.973348 -0.208333
5.98888e-17 0.978058 -0.208333
-0.0958664 0.973348 -0.208333
-0.19081 0.959265 -0.208333
-0.283915 0.935943 -0.208333
-0.374287 0.903608 -0.208333
-0.461053 0.86257 -0.208333
-0.54338 0.813225 -0.208333
-0.620473 0.756049 -0.208333
-0.691591 0.691591 -0.208333
-0.756049 0.620473 -0.208333
-0.813225 0.54338 -0.208333
-0.86257 0.461053 -0.208333
-0.903608 0.374287 -0.208333
-0.935943 0.283915 -0.208333
-0.959265 0.19081 -0.208333
-0.973348 0.0958664 -0.208333
-0.978058 1.19778e-16 -0.208333
-0.973348 -0.0958664 -0.208333
-0.959265 -0.19081 -0.208333
-0.935943 -0.283915 -0.208333
-0.903608 -0.374287 -0.208333
-0.86257 -0.461053 -0.208333
-0.813225 -0.54338 -0.208333
-0.756049 -0.620473 -0.208333
-0.691591 -0.691591 -0.208333
-0.620473 -0.756049 -0.208333
-0.54338 -0.813225 -0.208333
-0.461053 -0.86257 -0.208333
-0.374287 -0.903608 -0.208333
-0.283915 -0.935943 -0.208333
-0.19081 -0.959265 -0.208333
-0.0958664 -0.973348 -0.208333
-1.79666e-16 -0.978058 -0.208333
0.0958664 -0.973348 -0.208333
0.19081 -0.959265 -0.208333
0.283915 -0.935943 -0.208333
0.374287 -0.903608 -0.208333
0.461053 -0.86257 -0.208333
0.54338 -0.813225 -0.208333
0.620473 -0.756049 -0.208333
0.691591 -0.691591 -0.208333
0.756049 -0.620473 -0.208333
0.813225 -0.54338 -0.208333
0.86257 -0.461053 -0.208333
0.903608 -0.374287 -0.208333
0.935943 -0.283915 -0.208333
0.959265 -0.19081 -0.208333
0.973348 -0.0958664 -0.208333
0.96708 0.0475096 -0.25
0.957766 0.142071 -0.25
0.939229 0.235265 -0.25
0.911646 0.326192 -0.25
0.875284 0.413978 -0.25
0.830492 0.497778 -0.25
0.777702 0.576783 -0.25
0.717423 0.650234 -0.25
0.650234 0.717423 -0.25
0.576783 0.777702 -0.25
0.497778 0.830492 -0.25
0.413978 0.875284 -0.25
0.326192 0.911646 -0.25
0.235265 0.939229 -0.25
0.142071 0.957766 -0.25
0.0475096 0.96708 -0.25
-0.0475096 0.96708 -0.25
-0.142071 0.957766 -0.25
-0.235265 0.939229 -0.25
-0.326192 0.911646 -0.25
-0.413978 0.875284 -0.25
-0.497778 0.830492 -0.25
-0.576783 0.777702 -0.25
-0.650234 0.717423 -0.25
-0.717423 0.650234 -0.25
-0.777702 0.576783 -0.25
-0.830492 0.497778 -0.25
-0.875284 0.413978 -0.25
-0.911646 0.326192 -0.25
-0.939229 0.235265 -0.25
-0.957766 0.142071 -0.25
-0.96708 0.0475096 -0.25
-0.96708 -0.0475096 -0.25
-0.957766 -0.142071 -0.25
-0.939229 -0.235265 -0.25
-0.911646 -0.326192 -0.25
-0.875284 -0.413978 -0.25
-0.830492 -0.497778 -0.25
-0.777702 -0.576783 -0.25
-0.717423 -0.650234 -0.25
-0.650234 -0.717423 -0.25
-0.576783 -0.777702 -0.25
-0.497778 -0.830492 -0.25
-0.413978 -0.875284 -0.25
-0.326192 -0.911646 -0.25
-0.235265 -0.939229 -0.25
-0.142071 -0.957766 -0.25
-0.0475096 -0.96708 -0.25
0.0475096 -0.96708 -0.25
0.142071 -0.957766 -0.25
0.235265 -0.939229 -0.25
0.326192 -0.911646 -0.25
0.413978 -0.875284 -0.25
0.497778 -0.830492 -0.25
0.576783 -0.777702 -0.25
0.650234 -0.717423 -0.25
0.717423 -0.650234 -0.25
0.777702 -0.576783 -0.25
0.830492 -0.497778 -0.25
0.875284 -0.413978 -0.25
0.911646 -0.326192 -0.25
0.939229 -0.235265 -0.25
0.957766 -0.142071 -0.25
0.96708 -0.0475096 -0.25
0.95652 0 -0.291667
0.951914 0.0937554 -0.291667
0.938141 0.186608 -0.291667
0.915333 0.277663 -0.291667
0.883709 0.366044 -0.291667
0.843575 0.4509 -0.291667
0.795317 0.531414 -0.291667
0.7394 0.60681 -0.291667
0.676362 0.676362 -0.291667
0.60681 0.7394 -0.291667
0.531414 0.795317 -0.291667
0.4509 0.843575 -0.291667
0.366044 0.883709 -0.291667
0.277663 0.915333 -0.291667
0.186608 0.938141 -0.291667
0.0937554 0.951914 -0.291667
5.857e-17 0.95652 -0.291667
-0.0937554 0.951914 -0.291667
-0.186608 0.938141 -0.291667
-0.277663 0.915333 -0.291667
-0.366044 0.883709 -0.291667
-0.4509 0.843575 -0.291667
-0.531414 0.795317 -0.291667
-0.60681 0.7394 -0.291667
-0.676362 0.676362 -0.291667
-0.7394 0.60681 -0.291667
-0.795317 0.531414 -0.291667
-0.843575 0.4509 -0.291667
-0.883709 0.366044 -0.291667
-0.915333 0.277663 -0.291667
-0.938141 0.186608 -0.291667
-0.951914 0.0937554 -0.291667
-0.95652 1.1714e-16 -0.291667
-0.951914 -0.0937554 -0.291667
-0.938141 -0.186608 -0.291667
-0.915333 -0.277663 -0.291667
-0.883709 -0.366044 -0.291667
-0.843575 -0.4509 -0.291667
-0.795317 -0.531414 -0.291667
-0.7394 -0.60681 -0.291667
-0.676362 -0.676362 -0.291667
-0.60681 -0.7394 -0.291667
-0.531414 -0.795317 -0.291667
-0.4509 -0.843575 -0.291667
-0.366044 -0.883709 -0.291667
-0.277663 -0.915333 -0.291667
-0.186608 -0.938141 -0.291667
-0.0937554 -0.951914 -0.291667
-1.7571e-16 -0.95652 -0.291667
0.0937554 -0.951914 -0.291667
0.186608 -0.938141 -0.291667
0.277663 -0.915333 -0.291667
0.366044 -0.883709 -0.291667
0.4509 -0.843575 -0.291667
0.531414 -0.795317 -0.291667
0.60681 -0.7394 -0.291667
0.676362 -0.676362 -0.291667
0.7394 -0.60681 -0.291667
0.795317 -0.531414 -0.291667
0.843575 -0.4509 -0.291667
0.883709 -0.366044 -0.291667
0.915333 -0.277663 -0.291667
0.938141 -0.186608 -0.291667
0.951914 -0.0937554 -0.291667
0.941673 0.0462614 -0.333333
0.932605 0.138339 -0.333333
0.914554 0.229084 -0.333333
0.887696 0.317623 -0.333333
0.852289 0.403103 -0.333333
0.808674 0.484701 -0.333333
0.757271 0.561631 -0.333333
0.698575 0.633152 -0.333333
0.633152 0.698575 -0.333333
0.561631 0.757271 -0.333333
0.484701 0.808674 -0.333333
0.403103 0.852289 -0.333333
0.317623 0.887696 -0.333333
0.229084 0.914554 -0.333333
0.138339 0.932605 -0.333333
0.0462614 0.941673 -0.333333
-0.0462614 0.941673 -0.333333
-0.138339 0.932605 -0.333333
-0.229084 0.914554 -0.333333
-0.317623 0.887696 -0.333333
-0.403103 0.852289 -0.333333
-0.484701 0.808674 -0.333333
-0.561631 0.757271 -0.333333
-0.633152 0.698575 -0.333333
-0.698575 0.633152 -0.333333
-0.757271 0.561631 -0.333333
-0.808674 0.484701 -0.333333
-0.852289 0.403103 -0.333333
-0.887696 0.317623 -0.333333
-0.914554 0.229084 -0.333333
-0.932605 0.138339 -0.333333
-0.941673 0.0462614 -0.333333
-0.941673 -0.0462614 -0.333333
-0.932605 -0.138339 -0.333333
-0.914554 -0.229084 -0.333333
-0.887696 -0.317623 -0.333333
-0.852289 -0.403103 -0.333333
-0.808674 -0.484701 -0.333333
-0.757271 -0.561631 -0.333333
-0.698575 -0.633152 -0.333333
-0.633152 -0.698575 -0.333333
-0.561631 -0.757271 -0.333333
-0.484701 -0.808674 -0.333333
-0.403103 -0.852289 -0.333333
-0.317623 -0.887696 -0.333333
-0.229084 -0.914554 -0.333333
-0.138339 -0.932605 -0.333333
-0.0462614 -0.941673 -0.333333
0.0462614 -0.941673 -0.333333
0.138339 -0.932605 -0.333333
0.229084 -0.914554 -0.333333
0.317623 -0.887696 -0.333333
0.403103 -0.852289 -0.333333
0.484701 -0.808674 -0.333333
0.561631 -0.757271 -0.333333
0.633152 -0.698575 -0.333333
0.698575 -0.633152 -0.333333
0.757271 -0.561631 -0.333333
0.808674 -0.484701 -0.333333
0.852289 -0.403103 -0.333333
0.887696 -0.317623 -0.333333
0.914554 -0.229084 -0.333333
0.932605 -0.138339 -0.333333
0.941673 -0.0462614 -0.333333
0.927025 0 -0.375
0.922561 0.0908643 -0.375
0.909212 0.180854 -0.375
0.887107 0.269101 -0.375
0.856459 0.354757 -0.375
0.817563 0.436996 -0.375
0.770793 0.515027 -0.375
0.7166 0.588098 -0.375
0.655506 0.655506 -0.375
0.588098 0.7166 -0.375
0.515027 0.770793 -0.375
0.436996 0.817563 -0.375
0.354757 0.856459 -0.375
0.269101 0.887107 -0.375
0.180854 0.909212 -0.375
0.0908643 0.922561 -0.375
5.67639e-17 0.927025 -0.375
-0.0908643 0.922561 -0.375
-0.180854 0.909212 -0.375
-0.269101 0.887107 -0.375
-0.354757 0.856459 -0.375
-0.436996 0.817563 -0.375
-0.515027 0.770793 -0.375
-0.588098 0.7166 -0.375
-0.655506 0.655506 -0.375
-0.7166 0.588098 -0.375
-0.770793 0.515027 -0.375
-0.817563 0.436996 -0.375
-0.856459 0.354757 -0.375
-0.887107 0.269101 -0.375
-0.909212 0.180854 -0.375
-0.922561 0.0908643 -0.375
-0.927025 1.13528e-16 -0.375
-0.922561 -0.0908643 -0.375
-0.909212 -0.180854 -0.375
-0.887107 -0.269101 -0.375
-0.856459 -0.354757 -0.375
-0.817563 -0.436996 -0.375
-0.770793 -0.515027 -0.375
-0.7166 -0.588098 -0.375
-0.655506 -0.655506 -0.375
-0.588098 -0.7166 -0.375
-0.515027 -0.770793 -0.375
-0.436996 -0.817563 -0.375
-0.354757 -0.856459 -0.375
-0.269101 -0.887107 -0.375
-0.180854 -0.909212 -0.375
-0.0908643 -0.922561 -0.375
-1.70292e-16 -0.927025 -0.375
0.0908643 -0.922561 -0.375
0.180854 -0.909212 -0.375
0.269101 -0.887107 -0.375
0.354757 -0.856459 -0.375
0.436996 -0.817563 -0.375
0.515027 -0.770793 -0.375
0.588098 -0.7166 -0.375
0.655506 -0.655506 -0.375
0.7166 -0.588098 -0.375
0.770793 -0.515027 -0.375
0.817563 -0.436996 -0.375
0.856459 -0.354757 -0.375
0.887107 -0.269101 -0.375
0.909212 -0.180854 -0.375
0.922561 -0.0908643 -0.375
0.907964 0.0446054 -0.416667
0.89922 0.133387 -0.416667
0.881816 0.220883 -0.416667
0.855919 0.306253 -0.416667
0.82178 0.388673 -0.416667
0.779726 0.46735 -0.416667
0.730163 0.541526 -0.416667
0.673569 0.610487 -0.416667
0.610487 0.673569 -0.416667
0.541526 0.730163 -0.416667
0.46735 0.779726 -0.416667
0.388673 0.82178 -0.416667
0.306253 0.855919 -0.416667
0.220883 0.881816 -0.416667
0.133387 0.89922 -0.416667
0.0446054 0.907964 -0.416667
-0.0446054 0.907964 -0.416667
-0.133387 0.89922 -0.416667
-0.220883 0.881816 -0.416667
-0.306253 0.855919 -0.416667
-0.388673 0.82178 -0.416667
-0.46735 0.779726 -0.416667
-0.541526 0.730163 -0.416667
-0.610487 0.673569 -0.416667
-0.673569 0.610487 -0.416667
-0.730163 0.541526 -0.416667
-0.779726 0.46735 -0.416667
-0.82178 0.388673 -0.416667
-0.855919 0.306253 -0.416667
-0.881816 0.220883 -0.416667
-0.89922 0.133387 -0.416667
-0.907964 0.0446054 -0.416667
-0.907964 -0.0446054 -0.416667
-0.89922 -0.133387 -0.416667
-0.881816 -0.220883 -0.416667
-0.855919 -0.306253 -0.416667
-0.82178 -0.388673 -0.416667
-0.779726 -0.46735 -0.416667
-0.730163 -0.541526 -0.416667
-0.673569 -0.610487 -0.416667
-0.610487 -0.673569 -0.416667
-0.541526 -0.730163 -0.416667
-0.46735 -0.779726 -0.416667
-0.388673 -0.82178 -0.416667
-0.306253 -0.855919 -0.416667
-0.220883 -0.881816 -0.416667
-0.133387 -0.89922 -0.416667
-0.0446054 -0.907964 -0.416667
0.0446054 -0.907964 -0.416667
0.133387 -0.89922 -0.416667
0.220883 -0.881816 -0.416667
0.306253 -0.855919 -0.416667
0.388673 -0.82178 -0.416667
0.46735 -0.779726 -0.416667
0.541526 -0.730163 -0.416667
0.610487 -0.673569 -0.416667
0.673569 -0.610487 -0.416667
0.730163 -0.541526 -0.416667
0.779726 -0.46735 -0.416667
0.82178 -0.388673 -0.416667
0.855919 -0.306253 -0.416667
0.881816 -0.220883 -0.416667
0.89922 -0.133387 -0.416667
0.907964 -0.0446054 -0.416667
0.88878 0 -0.458333
0.884501 0.0871157 -0.458333
0.871703 0.173392 -0.458333
0.85051 0.257999 -0.458333
0.821126 0.340122 -0.458333
0.783834 0.418968 -0.458333
0.738994 0.49378 -0.458333
0.687037 0.563836 -0.458333
0.628463 0.628463 -0.458333
0.563836 0.687037 -0.458333
0.49378 0.738994 -0.458333
0.418968 0.783834 -0.458333
0.340122 0.821126 -0.458333
0.257999 0.85051 -0.458333
0.173392 0.871703 -0.458333
0.0871157 0.884501 -0.458333
5.44221e-17 0.88878 -0.458333
-0.0871157 0.884501 -0.458333
-0.173392 0.871703 -0.458333
-0.257999 0.85051 -0.458333
-0.340122 0.821126 -0.458333
-0.418968 0.783834 -0.458333
-0.49378 0.738994 -0.458333
-0.563836 0.687037 -0.458333
-0.628463 0.628463 -0.458333
-0.687037 0.563836 -0.458333
-0.738994 0.49378 -0.458333
-0.783834 0.418968 -0.458333
-0.821126 0.340122 -0.458333
-0.85051 0.257999 -0.458333
-0.871703 0.173392 -0.458333
-0.884501 0.0871157 -0.458333
-0.88878 1.08844e-16 -0.458333
-0.884501 -0.0871157 -0.458333
-0.871703 -0.173392 -0.458333
-0.85051 -0.257999 -0.458333
-0.821126 -0.340122 -0.458333
-0.783834 -0.418968 -0.458333
-0.738994 -0.49378 -0.458333
-0.687037 -0.563836 -0.458333
-0.628463 -0.628463 -0.458333
-0.563836 -0.687037 -0.458333
-0.49378 -0.738994 -0.458333
-0.418968 -0.783834 -0.458333
-0.340122 -0.821126 -0.458333
-0.257999 -0.85051 -0.458333
-0.173392 -0.871703 -0.458333
-0.0871157 -0.884501 -0.458333
-1.63266e-16 -0.88878 -0.458333
0.0871157 -0.884501 -0.458333
0.173392 -0.871703 -0.458333
0.257999 -0.85051 -0.458333
0.340122 -0.821126 -0.458333
0.418968 -0.783834 -0.458333
0.49378 -0.738994 -0.458333
0.563836 -0.687037 -0.458333
0.628463 -0.628463 -0.458333
0.687037 -0.563836 -0.458333
0.738994 -0.49378 -0.458333
0.783834 -0.418968 -0.458333
0.821126 -0.340122 -0.458333
0.85051 -0.257999 -0.458333
0.871703 -0.173392 -0.458333
0.884501 -0.0871157 -0.458333
0.864982 0.0424939 -0.5
0.856652 0.127072 -0.5
0.840072 0.210427 -0.5
0.815401 0.291755 -0.5
0.782878 0.370274 -0.5
0.742815 0.445226 -0.5
0.695598 0.515891 -0.5
0.641682 0.581587 -0.5
0.581587 0.641682 -0.5
0.515891 0.695598 -0.5
0.445226 0.742815 -0.5
0.370274 0.782878 -0.5
0.291755 0.815401 -0.5
0.210427 0.840072 -0.5
0.127072 0.856652 -0.5
0.0424939 0.864982 -0.5
-0.0424939 0.864982 -0.5
-0.127072 0.856652 -0.5
-0.210427 0.840072 -0.5
-0.291755 0.815401 -0.5
-0.370274 0.782878 -0.5
-0.445226 0.742815 -0.5
-0.515891 0.695598 -0.5
-0.581587 0.641682 -0.5
-0.641682 0.581587 -0.5
-0.695598 0.515891 -0.5
-0.742815 0.445226 -0.5
-0.782878 0.370274 -0.5
-0.815401 0.291755 -0.5
-0.840072 0.210427 -0.5
-0.856652 0.127072 -0.5
-0.864982 0.0424939 -0.5
-0.864982 -0.0424939 -0.5
-0.856652 -0.127072 -0.5
-0.840072 -0.210427 -0.5
-0.815401 -0.291755 -0.5
-0.782878 -0.370274 -0.5
-0.742815 -0.445226 -0.5
-0.695598 -0.515891 -0.5
-0.641682 -0.581587 -0.5
-0.581587 -0.641682 -0.5
-0.515891 -0.695598 -0.5
-0.445226 -0.742815 -0.5
-0.370274 -0.782878 -0.5
-0.291755 -0.815401 -0.5
-0.210427 -0.840072 -0.5
-0.127072 -0.856652 -0.5
-0.0424939 -0.864982 -0.5
0.0424939 -0.864982 -0.5
0.127072 -0.856652 -0.5
0.210427 -0.840072 -0.5
0.291755 -0.815401 -0.5
0.370274 -0.782878 -0.5
0.445226 -0.742815 -0.5
0.515891 -0.695598 -0.5
0.581587 -0.641682 -0.5
0.641682 -0.581587 -0.5
0.695598 -0.515891 -0.5
0.742815 -0.445226 -0.5
0.782878 -0.370274 -0.5
0.815401 -0.291755 -0.5
0.840072 -0.210427 -0.5
0.856652 -0.127072 -0.5
0.864982 -0.0424939 -0.5
0.840593 0 -0.541667
0.836546 0.0823926 -0.541667
0.824442 0.163992 -0.541667
0.804398 0.244011 -0.541667
0.776607 0.321681 -0.541667
0.741337 0.396253 -0.541667
0.698928 0.467009 -0.541667
0.649787 0.533267 -0.541667
0.594389 0.594389 -0.541667
0.533267 0.649787 -0.541667
0.467009 0.698928 -0.541667
0.396253 0.741337 -0.541667
0.321681 0.776607 -0.541667
0.244011 0.804398 -0.541667
0.163992 0.824442 -0.541667
0.0823926 0.836546 -0.541667
5.14715e-17 0.840593 -0.541667
-0.0823926 0.836546 -0.541667
-0.163992 0.824442 -0.541667
-0.244011 0.804398 -0.541667
-0.321681 0.776607 -0.541667
-0.396253 0.741337 -0.541667
-0.467009 0.698928 -0.541667
-0.533267 0.649787 -0.541667
-0.594389 0.594389 -0.541667
-0.649787 0.533267 -0.541667
-0.698928 0.467009 -0.541667
-0.741337 0.396253 -0.541667
-0.776607 0.321681 -0.541667
-0.804398 0.244011 -0.541667
-0.824442 0.163992 -0.541667
-0.836546 0.0823926 -0.541667
-0.840593 1.02943e-16 -0.541667
-0.836546 -0.0823926 -0.541667
-0.824442 -0.163992 -0.541667
-0.804398 -0.244011 -0.541667
-0.776607 -0.321681 -0.541667
-0.741337 -0.396253 -0.541667
-0.698928 -0.467009 -0.541667
-0.649787 -0.533267 -0.541667
-0.594389 -0.594389 -0.541667
-0.533267 -0.649787 -0.541667
-0.467009 -0.698928 -0.541667
-0.396253 -0.741337 -0.541667
-0.321681 -0.776607 -0.541667
-0.244011 -0.804398 -0.541667
-0.163992 -0.824442 -0.541667
-0.0823926 -0.836546 -0.541667
-1.54414e-16 -0.840593 -0.541667
0.0823926 -0.836546 -0.541667
0.163992 -0.824442 -0.541667
0.244011 -0.804398 -0.541667
0.321681 -0.776607 -0.541667
0.396253 -0.741337 -0.541667
0.467009 -0.698928 -0.541667
0.533267 -0.649787 -0.541667
0.594389 -0.594389 -0.541667
0.649787 -0.533267 -0.541667
0.698928 -0.467009 -0.541667
0.741337 -0.396253 -0.541667
0.776607 -0.321681 -0.541667
0.804398 -0.244011 -0.541667
0.824442 -0.163992 -0.541667
0.836546 -0.0823926 -0.541667
0.811254 0.0398544 -0.583333
0.803442 0.119179 -0.583333
0.787891 0.197356 -0.583333
0.764753 0.273633 -0.583333
0.73425 0.347274 -0.583333
0.696675 0.417571 -0.583333
0.652392 0.483847 -0.583333
0.601825 0.545462 -0.583333
0.545462 0.601825 -0.583333
0.483847 0.652392 -0.583333
0.417571 0.696675 -0.583333
0.347274 0.73425 -0.583333
0.273633 0.764753 -0.583333
0.197356 0.787891 -0.583333
0.119179 0.803442 -0.583333
0.0398544 0.811254 -0.583333
-0.0398544 0.811254 -0.583333
-0.119179 0.803442 -0.583333
-0.197356 0.787891 -0.583333
-0.273633 0.764753 -0.583333
-0.347274 0.73425 -0.583333
-0.417571 0.696675 -0.583333
-0.483847 0.652392 -0.583333
-0.545462 0.601825 -0.583333
-0.601825 0.545462 -0.583333
-0.652392 0.483847 -0.583333
-0.696675 0.417571 -0.583333
-0.73425 0.347274 -0.583333
-0.764753 0.273633 -0.583333
-0.787891 0.197356 -0.583333
-0.803442 0.119179 -0.583333
-0.811254 0.0398544 -0.583333
-0.811254 -0.0398544 -0.583333
-0.803442 -0.119179 -0.583333
-0.787891 -0.197356 -0.583333
-0.764753 -0.273633 -0.583333
-0.73425 -0.347274 -0.583333
-0.696675 -0.417571 -0.583333
-0.652392 -0.483847 -0.583333
-0.601825 -0.545462 -0.583333
-0.545462 -0.601825 -0.583333
-0.483847 -0.652392 -0.583333
-0.417571 -0.696675 -0.583333
-0.347274 -0.73425 -0.583333
-0.273633 -0.764753 -0.583333
-0.197356 -0.787891 -0.583333
-0.119179 -0.803442 -0.583333
-0.0398544 -0.811254 -0.583333
0.0398544 -0.811254 -0.583333
0.119179 -0.803442 -0.583333
0.197356 -0.787891 -0.583333
0.273633 -0.764753 -0.583333
0.347274 -0.73425 -0.583333
0.417571 -0.696675 -0.583333
0.483847 -0.652392 -0.583333
0.545462 -0.601825 -0.583333
0.601825 -0.545462 -0.583333
0.652392 -0.483847 -0.583333
0.696675 -0.417571 -0.583333
0.73425 -0.347274 -0.583333
0.764753 -0.273633 -0.583333
0.787891 -0.197356 -0.583333
0.803442 -0.119179 -0.583333
0.811254 -0.0398544 -0.583333
0.780625 0 -0.625
0.776866 0.0765146 -0.625
0.765625 0.152292 -0.625
0.747011 0.226603 -0.625
0.721203 0.298732 -0.625
0.68845 0.367984 -0.625
0.649066 0.433692 -0.625
0.603431 0.495223 -0.625
0.551985 0.551985 -0.625
0.495223 0.603431 -0.625
0.433692 0.649066 -0.625
0.367984 0.68845 -0.625
0.298732 0.721203 -0.625
0.226603 0.747011 -0.625
0.152292 0.765625 -0.625
0.0765146 0.776866 -0.625
4.77995e-17 0.780625 -0.625
-0.0765146 0.776866 -0.625
-0.152292 0.765625 -0.625
-0.226603 0.747011 -0.625
-0.298732 0.721203 -0.625
-0.367984 0.68845 -0.625
-0.433692 0.649066 -0.625
-0.495223 0.603431 -0.625
-0.551985 0.551985 -0.625
-0.603431 0.495223 -0.625
-0.649066 0.433692 -0.625
-0.68845 0.367984 -0.625
-0.721203 0.298732 -0.625
-0.747011 0.226603 -0.625
-0.765625 0.152292 -0.625
-0.776866 0.0765146 -0.625
-0.780625 9.5599e-17 -0.625
-0.776866 -0.0765146 -0.625
-0.765625 -0.152292 -0.625
-0.747011 -0.226603 -0.625
-0.721203 -0.298732 -0.625
-0.68845 -0.367984 -0.625
-0.649066 -0.433692 -0.625
-0.603431 -0.495223 -0.625
-0.551985 -0.551985 -0.625
-0.495223 -0.603431 -0.625
-0.433692 -0.649066 -0.625
-0.367984 -0.68845 -0.625
-0.298732 -0.721203 -0.625
-0.226603 -0.747011 -0.625
-0.152292 -0.765625 -0.625
-0.0765146 -0.776866 -0.625
-1.43398e-16 -0.780625 -0.625
0.0765146 -0.776866 -0.625
0.152292 -0.765625 -0.625
0.226603 -0.747011 -0.625
0.298732 -0.721203 -0.625
0.367984 -0.68845 -0.625
0.433692 -0.649066 -0.625
0.495223 -0.603431 -0.625
0.551985 -0.551985 -0.625
0.603431 -0.495223 -0.625
0.649066 -0.433692 -0.625
0.68845 -0.367984 -0.625
0.721203 -0.298732 -0.625
0.747011 -0.226603 -0.625
0.765625 -0.152292 -0.625
0.776866 -0.0765146 -0.625
0.744458 0.0365729 -0.666667
0.737289 0.109366 -0.666667
0.723019 0.181107 -0.666667
0.701786 0.251103 -0.666667
0.673794 0.318681 -0.666667
0.639313 0.38319 -0.666667
0.598676 0.444008 -0.666667
0.552272 0.50055 -0.666667
0.50055 0.552272 -0.666667
0.444008 0.598676 -0.666667
0.38319 0.639313 -0.666667
0.318681 0.673794 -0.666667
0.251103 0.701786 -0.666667
0.181107 0.723019 -0.666667
0.109366 0.737289 -0.666667
0.0365729 0.744458 -0.666667
-0.0365729 0.744458 -0.666667
-0.109366 0.737289 -0.666667
-0.181107 0.723019 -0.666667
-0.251103 0.701786 -0.666667
-0.318681 0.673794 -0.666667
-0.38319 0.639313 -0.666667
-0.444008 0.598676 -0.666667
-0.50055 0.552272 -0.666667
-0.552272 0.50055 -0.666667
-0.598676 0.444008 -0.666667
-0.639313 0.38319 -0.666667
-0.673794 0.318681 -0.666667
-0.701786 0.251103 -0.666667
-0.723019 0.181107 -0.666667
-0.737289 0.109366 -0.666667
-0.744458 0.0365729 -0.666667
-0.744458 -0.0365729 -0.666667
-0.737289 -0.109366 -0.666667
-0.723019 -0.181107 -0.666667
-0.701786 -0.251103 -0.666667
-0.673794 -0.318681 -0.666667
-0.639313 -0.38319 -0.666667
-0.598676 -0.444008 -0.666667
-0.552272 -0.50055 -0.666667
-0.50055 -0.552272 -0.666667
-0.444008 -0.598676 -0.666667
-0.38319 -0.639313 -0.666667
-0.318681 -0.673794 -0.666667
-0.251103 -0.701786 -0.666667
-0.181107 -0.723019 -0.666667
-0.109366 -0.737289 -0.666667
-0.0365729 -0.744458 -0.666667
0.0365729 -0.744458 -0.666667
0.109366 -0.737289 -0.666667
0.181107 -0.723019 -0.666667
0.251103 -0.701786 -0.666667
0.318681 -0.673794 -0.666667
0.38319 -0.639313 -0.666667
0.444008 -0.598676 -0.666667
0.50055 -0.552272 -0.666667
0.552272 -0.50055 -0.666667
0.598676 -0.444008 -0.666667
0.639313 -0.38319 -0.666667
0.673794 -0.318681 -0.666667
0.701786 -0.251103 -0.666667
0.723019 -0.181107 -0.666667
0.737289 -0.109366 -0.666667
0.744458 -0.0365729 -0.666667
0.706213 0.0370111 -0.707031
0.698476 0.110628 -0.707031
0.683086 0.183032 -0.707031
0.660212 0.253431 -0.707031
0.630104 0.321054 -0.707031
0.593093 0.385159 -0.707031
0.549584 0.445044 -0.707031
0.500053 0.500053 -0.707031
0.445044 0.549584 -0.707031
0.385159 0.593093 -0.707031
0.321054 0.630104 -0.707031
0.253431 0.660212 -0.707031
0.183032 0.683086 -0.707031
0.110628 0.698476 -0.707031
0.0370111 0.706213 -0.707031
-0.0370111 0.706213 -0.707031
-0.110628 0.698476 -0.707031
-0.183032 0.683086 -0.707031
-0.253431 0.660212 -0.707031
-0.321054 0.630104 -0.707031
-0.385159 0.593093 -0.707031
-0.445044 0.549584 -0.707031
-0.500053 0.500053 -0.707031
-0.549584 0.445044 -0.707031
-0.593093 0.385159 -0.707031
-0.630104 0.321054 -0.707031
-0.660212 0.253431 -0.707031
-0.683086 0.183032 -0.707031
-0.698476 0.110628 -0.707031
-0.706213 0.0370111 -0.707031
-0.706213 -0.0370111 -0.707031
-0.698476 -0.110628 -0.707031
-0.683086 -0.183032 -0.707031
-0.660212 -0.253431 -0.707031
-0.630104 -0.321054 -0.707031
-0.593093 -0.385159 -0.707031
-0.549584 -0.445044 -0.707031
-0.500053 -0.500053 -0.707031
-0.445044 -0.549584 -0.707031
-0.385159 -0.593093 -0.707031
-0.321054 -0.630104 -0.707031
-0.253431 -0.660212 -0.707031
-0.183032 -0.683086 -0.707031
-0.110628 -0.698476 -0.707031
-0.0370111 -0.706213 -0.707031
0.0370111 -0.706213 -0.707031
0.110628 -0.698476 -0.707031
0.183032 -0.683086 -0.707031
0.253431 -0.660212 -0.707031
0.321054 -0.630104 -0.707031
0.385159 -0.593093 -0.707031
0.445044 -0.549584 -0.707031
0.500053 -0.500053 -0.707031
0.549584 -0.445044 -0.707031
0.593093 -0.385159 -0.707031
0.630104 -0.321054 -0.707031
0.660212 -0.253431 -0.707031
0.683086 -0.183032 -0.707031
0.698476 -0.110628 -0.707031
0.706213 -0.0370111 -0.707031
0.666247 0.0374156 -0.744792
0.657869 0.111776 -0.744792
0.641217 0.184732 -0.744792
0.616502 0.255364 -0.744792
0.584034 0.322784 -0.744792
0.544221 0.386146 -0.744792
0.497565 0.444651 -0.744792
0.444651 0.497565 -0.744792
0.386146 0.544221 -0.744792
0.322784 0.584034 -0.744792
0.255364 0.616502 -0.744792
0.184732 0.641217 -0.744792
0.111776 0.657869 -0.744792
0.0374156 0.666247 -0.744792
-0.0374156 0.666247 -0.744792
-0.111776 0.657869 -0.744792
-0.184732 0.641217 -0.744792
-0.255364 0.616502 -0.744792
-0.322784 0.584034 -0.744792
-0.386146 0.544221 -0.744792
-0.444651 0.497565 -0.744792
-0.497565 0.444651 -0.744792
-0.544221 0.386146 -0.744792
-0.584034 0.322784 -0.744792
-0.616502 0.255364 -0.744792
-0.641217 0.184732 -0.744792
-0.657869 0.111776 -0.744792
-0.666247 0.0374156 -0.744792
-0.666247 -0.0374156 -0.744792
-0.657869 -0.111776 -0.744792
-0.641217 -0.184732 -0.744792
-0.616502 -0.255364 -0.744792
-0.584034 -0.322784 -0.744792
-0.544221 -0.386146 -0.744792
-0.497565 -0.444651 -0.744792
-0.444651 -0.497565 -0.744792
-0.386146 -0.544221 -0.744792
-0.322784 -0.584034 -0.744792
-0.255364 -0.616502 -0.744792
-0.184732 -0.641217 -0.744792
-0.111776 -0.657869 -0.744792
-0.0374156 -0.666247 -0.744792
0.0374156 -0.666247 -0.744792
0.111776 -0.657869 -0.744792
0.184732 -0.641217 -0.744792
0.255364 -0.616502 -0.744792
0.322784 -0.584034 -0.744792
0.386146 -0.544221 -0.744792
0.444651 -0.497565 -0.744792
0.497565 -0.444651 -0.744792
0.544221 -0.386146 -0.744792
0.584034 -0.322784 -0.744792
0.616502 -0.255364 -0.744792
0.641217 -0.184732 -0.744792
0.657869 -0.111776 -0.744792
0.666247 -0.0374156 -0.744792
0.624703 0.0377875 -0.779948
0.615593 0.112812 -0.779948
0.597507 0.186191 -0.779948
0.570707 0.256855 -0.779948
0.535586 0.323773 -0.779948
0.492654 0.38597 -0.779948
0.442539 0.442539 -0.779948
0.38597 0.492654 -0.779948
0.323773 0.535586 -0.779948
0.256855 0.570707 -0.779948
0.186191 0.597507 -0.779948
0.112812 0.615593 -0.779948
0.0377875 0.624703 -0.779948
-0.0377875 0.624703 -0.779948
-0.112812 0.615593 -0.779948
-0.186191 0.597507 -0.779948
-0.256855 0.570707 -0.779948
-0.323773 0.535586 -0.779948
-0.38597 0.492654 -0.779948
-0.442539 0.442539 -0.779948
-0.492654 0.38597 -0.779948
-0.535586 0.323773 -0.779948
-0.570707 0.256855 -0.779948
-0.597507 0.186191 -0.779948
-0.615593 0.112812 -0.779948
-0.624703 0.0377875 -0.779948
-0.624703 -0.0377875 -0.779948
-0.615593 -0.112812 -0.779948
-0.597507 -0.186191 -0.779948
-0.570707 -0.256855 -0.779948
-0.535586 -0.323773 -0.779948
-0.492654 -0.38597 -0.779948
-0.442539 -0.442539 -0.779948
-0.38597 -0.492654 -0.779948
-0.323773 -0.535586 -0.779948
-0.256855 -0.570707 -0.779948
-0.186191 -0.597507 -0.779948
-0.112812 -0.615593 -0.779948
-0.0377875 -0.624703 -0.779948
0.0377875 -0.624703 -0.779948
0.112812 -0.615593 -0.779948
0.186191 -0.597507 -0.779948
0.256855 -0.570707 -0.779948
0.323773 -0.535586 -0.779948
0.38597 -0.492654 -0.779948
0.442539 -0.442539 -0.779948
0.492654 -0.38597 -0.779948
0.535586 -0.323773 -0.779948
0.570707 -0.256855 -0.779948
0.597507 -0.186191 -0.779948
0.615593 -0.112812 -0.779948
0.624703 -0.0377875 -0.779948
0.581713 0.0381275 -0.8125
0.57176 0.11373 -0.8125
0.552024 0.187387 -0.8125
0.522842 0.257837 -0.8125
0.484715 0.323876 -0.8125
0.438293 0.384373 -0.8125
0.384373 0.438293 -0.8125
0.323876 0.484715 -0.8125
0.257837 0.522842 -0.8125
0.187387 0.552024 -0.8125
0.11373 0.57176 -0.8125
0.0381275 0.581713 -0.8125
-0.0381275 0.581713 -0.8125
-0.11373 0.57176 -0.8125
-0.187387 0.552024 -0.8125
-0.257837 0.522842 -0.8125
-0.323876 0.484715 -0.8125
-0.384373 0.438293 -0.8125
-0.438293 0.384373 -0.8125
-0.484715 0.323876 -0.8125
-0.522842 0.257837 -0.8125
-0.552024 0.187387 -0.8125
-0.57176 0.11373 -0.8125
-0.581713 0.0381275 -0.8125
-0.581713 -0.0381275 -0.8125
-0.57176 -0.11373 -0.8125
-0.552024 -0.187387 -0.8125
-0.522842 -0.257837 -0.8125
-0.484715 -0.323876 -0.8125
-0.438293 -0.384373 -0.8125
-0.384373 -0.438293 -0.8125
-0.323876 -0.484715 -0.8125
-0.257837 -0.522842 -0.8125
-0.187387 -0.552024 -0.8125
-0.11373 -0.57176 -0.8125
-0.0381275 -0.581713 -0.8125
0.0381275 -0.581713 -0.8125
0.11373 -0.57176 -0.8125
0.187387 -0.552024 -0.8125
0.257837 -0.522842 -0.8125
0.323876 -0.484715 -0.8125
0.384373 -0.438293 -0.8125
0.438293 -0.384373 -0.8125
0.484715 -0.323876 -0.8125
0.522842 -0.257837 -0.8125
0.552024 -0.187387 -0.8125
0.57176 -0.11373 -0.8125
0.581713 -0.0381275 -0.8125
0.537405 0.038436 -0.842448
0.526465 0.114525 -0.842448
0.504808 0.188284 -0.842448
0.472874 0.258209 -0.842448
0.431314 0.322877 -0.842448
0.380973 0.380973 -0.842448
0.322877 0.431314 -0.842448
0.258209 0.472874 -0.842448
0.188284 0.504808 -0.842448
0.114525 0.526465 -0.842448
0.038436 0.537405 -0.842448
-0.038436 0.537405 -0.842448
-0.114525 0.526465 -0.842448
-0.188284 0.504808 -0.842448
-0.258209 0.472874 -0.842448
-0.322877 0.431314 -0.842448
-0.380973 0.380973 -0.842448
-0.431314 0.322877 -0.842448
-0.472874 0.258209 -0.842448
-0.504808 0.188284 -0.842448
-0.526465 0.114525 -0.842448
-0.537405 0.038436 -0.842448
-0.537405 -0.038436 -0.842448
-0.526465 -0.114525 -0.842448
-0.504808 -0.188284 -0.842448
-0.472874 -0.258209 -0.842448
-0.431314 -0.322877 -0.842448
-0.380973 -0.380973 -0.842448
-0.322877 -0.431314 -0.842448
-0.258209 -0.472874 -0.842448
-0.188284 -0.504808 -0.842448
-0.114525 -0.526465 -0.842448
-0.038436 -0.537405 -0.842448
0.038436 -0.537405 -0.842448
0.114525 -0.526465 -0.842448
0.188284 -0.504808 -0.842448
0.258209 -0.472874 -0.842448
0.322877 -0.431314 -0.842448
0.380973 -0.380973 -0.842448
0.431314 -0.322877 -0.842448
0.472874 -0.258209 -0.842448
0.504808 -0.188284 -0.842448
0.526465 -0.114525 -0.842448
0.537405 -0.038436 -0.842448
0.491898 0.0387132 -0.869792
0.479786 0.115186 -0.869792
0.45586 0.188823 -0.869792
0.420709 0.257811 -0.869792
0.375199 0.32045 -0.869792
0.32045 0.375199 -0.869792
0.257811 0.420709 -0.869792
0.188823 0.45586 -0.869792
0.115186 0.479786 -0.869792
0.0387132 0.491898 -0.869792
-0.0387132 0.491898 -0.869792
-0.115186 0.479786 -0.869792
-0.188823 0.45586 -0.869792
-0.257811 0.420709 -0.869792
-0.32045 0.375199 -0.869792
-0.375199 0.32045 -0.869792
-0.420709 0.257811 -0.869792
-0.45586 0.188823 -0.869792
-0.479786 0.115186 -0.869792
-0.491898 0.0387132 -0.869792
-0.491898 -0.0387132 -0.869792
-0.479786 -0.115186 -0.869792
-0.45586 -0.188823 -0.869792
-0.420709 -0.257811 -0.869792
-0.375199 -0.32045 -0.869792
-0.32045 -0.375199 -0.869792
-0.257811 -0.420709 -0.869792
-0.188823 -0.45586 -0.869792
-0.115186 -0.479786 -0.869792
-0.0387132 -0.491898 -0.869792
0.0387132 -0.491898 -0.869792
0.115186 -0.479786 -0.869792
0.188823 -0.45586 -0.869792
0.257811 -0.420709 -0.869792
0.32045 -0.375199 -0.869792
0.375199 -0.32045 -0.869792
0.420709 -0.257811 -0.869792
0.45586 -0.188823 -0.869792
0.479786 -0.115186 -0.869792
0.491898 -0.0387132 -0.869792
0.445304 0.0389591 -0.894531
0.431774 0.115694 -0.894531
0.405124 0.188913 -0.894531
0.366165 0.256392 -0.894531
0.316081 0.316081 -0.894531
0.256392 0.366165 -0.894531
0.188913 0.405124 -0.894531
0.115694 0.431774 -0.894531
0.0389591 0.445304 -0.894531
-0.0389591 0.445304 -0.894531
-0.115694 0.431774 -0.894531
-0.188913 0.405124 -0.894531
-0.256392 0.366165 -0.894531
-0.316081 0.316081 -0.894531
-0.366165 0.256392 -0.894531
-0.405124 0.188913 -0.894531
-0.431774 0.115694 -0.894531
-0.445304 0.0389591 -0.894531
-0.445304 -0.0389591 -0.894531
-0.431774 -0.115694 -0.894531
-0.405124 -0.188913 -0.894531
-0.366165 -0.256392 -0.894531
-0.316081 -0.316081 -0.894531
-0.256392 -0.366165 -0.894531
-0.188913 -0.405124 -0.894531
-0.115694 -0.431774 -0.894531
-0.0389591 -0.445304 -0.894531
0.0389591 -0.445304 -0.894531
0.115694 -0.431774 -0.894531
0.188913 -0.405124 -0.894531
0.256392 -0.366165 -0.894531
0.316081 -0.316081 -0.894531
0.366165 -0.256392 -0.894531
0.405124 -0.188913 -0.894531
0.431774 -0.115694 -0.894531
0.445304 -0.0389591 -0.894531
0.397728 0.0391728 -0.916667
0.382444 0.116013 -0.916667
0.352462 0.188395 -0.916667
0.308936 0.253537 -0.916667
0.253537 0.308936 -0.916667
0.188395 0.352462 -0.916667
0.116013 0.382444 -0.916667
0.0391728 0.397728 -0.916667
-0.0391728 0.397728 -0.916667
-0.116013 0.382444 -0.916667
-0.188395 0.352462 -0.916667
-0.253537 0.308936 -0.916667
-0.308936 0.253537 -0.916667
-0.352462 0.188395 -0.916667
-0.382444 0.116013 -0.916667
-0.397728 0.0391728 -0.916667
-0.397728 -0.0391728 -0.916667
-0.382444 -0.116013 -0.916667
-0.352462 -0.188395 -0.916667
-0.308936 -0.253537 -0.916667
-0.253537 -0.308936 -0.916667
-0.188395 -0.352462 -0.916667
-0.116013 -0.382444 -0.916667
-0.0391728 -0.397728 -0.916667
0.0391728 -0.397728 -0.916667
0.116013 -0.382444 -0.916667
0.188395 -0.352462 -0.916667
0.253537 -0.308936 -0.916667
0.308936 -0.253537 -0.916667
0.352462 -0.188395 -0.916667
0.382444 -0.116013 -0.916667
0.397728 -0.0391728 -0.916667
0.349263 0.0393525 -0.936198
0.33175 0.116084 -0.936198
0.297601 0.186995 -0.936198
0.248529 0.248529 -0.936198
0.186995 0.297601 -0.936198
0.116084 0.33175 -0.936198
0.0393525 0.349263 -0.936198
-0.0393525 0.349263 -0.936198
-0.116084 0.33175 -0.936198
-0.186995 0.297601 -0.936198
-0.248529 0.248529 -0.936198
-0.297601 0.186995 -0.936198
-0.33175 0.116084 -0.936198
-0.349263 0.0393525 -0.936198
-0.349263 -0.0393525 -0.936198
-0.33175 -0.116084 -0.936198
-0.297601 -0.186995 -0.936198
-0.248529 -0.248529 -0.936198
-0.186995 -0.297601 -0.936198
-0.116084 -0.33175 -0.936198
-0.0393525 -0.349263 -0.936198
0.0393525 -0.349263 -0.936198
0.116084 -0.33175 -0.936198
0.186995 -0.297601 -0.936198
0.248529 -0.248529 -0.936198
0.297601 -0.186995 -0.936198
0.33175 -0.116084 -0.936198
0.349263 -0.0393525 -0.936198
0.299988 0.0394942 -0.953125
0.279545 0.115791 -0.953125
0.24005 0.184197 -0.953125
0.184197 0.24005 -0.953125
0.115791 0.279545 -0.953125
0.0394942 0.299988 -0.953125
-0.0394942 0.299988 -0.953125
-0.115791 0.279545 -0.953125
-0.184197 0.24005 -0.953125
-0.24005 0.184197 -0.953125
-0.279545 0.115791 -0.953125
-0.299988 0.0394942 -0.953125
-0.299988 -0.0394942 -0.953125
-0.279545 -0.115791 -0.953125
-0.24005 -0.184197 -0.953125
-0.184197 -0.24005 -0.953125
-0.115791 -0.279545 -0.953125
-0.0394942 -0.299988 -0.953125
0.0394942 -0.299988 -0.953125
0.115791 -0.279545 -0.953125
0.184197 -0.24005 -0.953125
0.24005 -0.184197 -0.953125
0.279545 -0.115791 -0.953125
0.299988 -0.0394942 -0.953125
0.249954 0.0395889 -0.967448
0.225487 0.114891 -0.967448
0.178948 0.178948 -0.967448
0.114891 0.225487 -0.967448
0.0395889 0.249954 -0.967448
-0.0395889 0.249954 -0.967448
-0.114891 0.225487 -0.967448
-0.178948 0.178948 -0.967448
-0.225487 0.114891 -0.967448
-0.249954 0.0395889 -0.967448
-0.249954 -0.0395889 -0.967448
-0.225487 -0.114891 -0.967448
-0.178948 -0.178948 -0.967448
-0.114891 -0.225487 -0.967448
-0.0395889 -0.249954 -0.967448
0.0395889 -0.249954 -0.967448
0.114891 -0.225487 -0.967448
0.178948 -0.178948 -0.967448
0.225487 -0.114891 -0.967448
0.249954 -0.0395889 -0.967448
0.199157 0.0396147 -0.979167
0.168837 0.112813 -0.979167
0.112813 0.168837 -0.979167
0.0396147 0.199157 -0.979167
-0.0396147 0.199157 -0.979167
-0.112813 0.168837 -0.979167
-0.168837 0.112813 -0.979167
-0.199157 0.0396147 -0.979167
-0.199157 -0.0396147 -0.979167
-0.168837 -0.112813 -0.979167
-0.112813 -0.168837 -0.979167
-0.0396147 -0.199157 -0.979167
0.0396147 -0.199157 -0.979167
0.112813 -0.168837 -0.979167
0.168837 -0.112813 -0.979167
0.199157 -0.0396147 -0.979167
0.147443 0.0395072 -0.988281
0.107936 0.107936 -0.988281
0.0395072 0.147443 -0.988281
-0.0395072 0.147443 -0.988281
-0.107936 0.107936 -0.988281
-0.147443 0.0395072 -0.988281
-0.147443 -0.0395072 -0.988281
-0.107936 -0.107936 -0.988281
-0.0395072 -0.147443 -0.988281
0.0395072 -0.147443 -0.988281
0.107936 -0.107936 -0.988281
0.147443 -0.0395072 -0.988281
0.0941702 0.0390066 -0.994792
0.0390066 0.0941702 -0.994792
-0.0390066 0.0941702 -0.994792
-0.0941702 0.0390066 -0.994792
-0.0941702 -0.0390066 -0.994792
-0.0390066 -0.0941702 -0.994792
0.0390066 -0.0941702 -0.994792
0.0941702 -0.0390066 -0.994792
0.0360726 0.0360726 -0.998698
-0.0360726 0.0360726 -0.998698
-0.0360726 -0.0360726 -0.998698
0.0360726 -0.0360726 -0.998698
